"id" "BIO01" "BIO02" "BIO03" "BIO04" "BIO07" "BIO11" "BIO12" "BIO15" "BIO17" "Productivity" "Elevation"
"1" 31 2952 91 5.71000003814697 2665 160 2914 16711 364 1959 19705 0.114543274044991
"2" 32 2949 91 5.61999988555908 2742 162 2911 17625 343 2177 20290 0.117372743785381
"3" 33 2957 89 5.32000017166138 2997 168 2916 15632 310 2119 18969 0.153196439146996
"4" 42 2942 91 4.48999977111816 4046 202 2891 18784 190 3638 20984 0.255437105894089
"5" 76 2965 97 5.80999994277954 2698 167 2926 14450 374 1735 18102 0.107474900782108
"6" 77 2956 93 5.76000022888184 2675 162 2918 16599 347 2113 19631 0.11756307631731
"7" 78 2954 95 5.57000017166138 2872 171 2914 15522 320 2126 18891 0.100047320127487
"8" 79 2954 92 5.28999996185303 3066 174 2912 16692 305 2343 19692 0.111141681671143
"9" 87 2939 91 4.6399998664856 3834 197 2890 17850 207 3366 20428 0.352066606283188
"10" 88 2937 91 4.6100001335144 3895 197 2887 18412 185 3694 20767 0.254261702299118
"11" 121 2975 96 6.03999996185303 2406 159 2939 13163 434 1374 17080 0.123009771108627
"12" 122 2970 97 5.88000011444092 2585 164 2933 13966 385 1692 17727 0.0978217869997025
"13" 123 2958 93 5.78000020980835 2613 160 2921 16627 362 2097 19649 0.0930715203285217
"14" 124 2959 93 5.55000019073486 2814 168 2919 14362 332 1964 18034 0.119826652109623
"15" 125 2953 89 5.25 2967 169 2912 17828 308 2614 20415 0.117674238979816
"16" 126 2956 84 4.94999980926514 3180 169 2913 16670 269 2672 19678 0.134673088788986
"17" 127 2955 78 4.82999992370605 3220 162 2912 18232 244 3087 20660 0.16461768746376
"18" 128 2957 71 4.48999977111816 3346 159 2912 16768 229 2933 19742 0.159129768610001
"19" 129 2950 86 4.90999984741211 3407 175 2905 17809 220 3196 20403 0.187575548887253
"20" 133 2938 92 4.69999980926514 3799 195 2889 19966 190 4061 21641 0.24779936671257
"21" 134 2932 90 4.71000003814697 3746 191 2884 19226 181 4015 21235 0.215665891766548
"22" 168 2967 92 5.92000007629395 2481 156 2931 13989 377 1700 17745 0.133358672261238
"23" 169 2962 91 5.65999984741211 2653 160 2925 13743 347 1779 17551 0.120485424995422
"24" 170 2961 89 5.36999988555908 2893 165 2921 15781 310 2240 19073 0.157083347439766
"25" 171 2961 79 5.01000022888184 3001 158 2921 14039 261 2265 17785 0.187519013881683
"26" 172 2959 88 5.15000009536743 3116 171 2917 15449 244 2561 18839 0.135871961712837
"27" 173 2942 85 5.26999998092651 2931 162 2901 20488 238 3472 21915 0.196938410401344
"28" 174 2936 84 5.25 2914 159 2896 22129 236 3759 22612 0.215509250760078
"29" 175 2948 91 5.1100001335144 3274 177 2904 19288 213 3549 21270 0.200012072920799
"30" 176 2933 83 4.94000005722046 3170 168 2890 21818 184 4367 22411 0.208989486098289
"31" 177 2926 87 5.05000019073486 3206 173 2884 23112 186 4475 21929 0.166869178414345
"32" 178 2940 95 4.86999988555908 3692 195 2892 18884 191 3730 21041 0.260711818933487
"33" 179 2929 90 4.76000022888184 3630 188 2882 22844 183 4775 22138 0.211814880371094
"34" 180 2927 90 4.82999992370605 3618 186 2880 20667 176 4412 21999 0.188274309039116
"35" 183 2921 91 4.63000011444092 3925 197 2871 16814 133 3948 19772 0.6154944896698
"36" 214 2965 91 5.94999980926514 2394 152 2930 15394 390 1862 18799 0.138724118471146
"37" 215 2971 87 5.53999996185303 2712 157 2933 12773 344 1679 16754 0.117146089673042
"38" 216 2965 87 5.40000009536743 2862 161 2925 13511 315 1949 17365 0.172890082001686
"39" 217 2955 87 5.34999990463257 2835 162 2916 16361 269 2543 19471 0.116738133132458
"40" 218 2952 89 5.42000007629395 2934 165 2912 17830 246 2910 20416 0.117934457957745
"41" 219 2937 89 5.42000007629395 2931 164 2897 19441 246 3156 21355 0.191924273967743
"42" 220 2936 85 5.23000001907349 3011 162 2895 19349 220 3379 21304 0.173433065414429
"43" 221 2939 88 5.13000011444092 3196 171 2897 19812 209 3682 21558 0.194255650043488
"44" 222 2928 87 5.03999996185303 3287 173 2885 19953 188 3980 21634 0.201048359274864
"45" 223 2934 91 5.03999996185303 3383 180 2890 18920 191 3693 21062 0.236828401684761
"46" 224 2943 95 4.86999988555908 3765 195 2894 19730 178 4200 21513 0.265966296195984
"47" 225 2924 90 4.84000015258789 3580 186 2878 22128 182 4760 21788 0.175766661763191
"48" 228 2921 90 4.65000009536743 3879 194 2871 16702 145 3810 19699 0.149904862046242
"49" 229 2927 94 4.6399998664856 4077 203 2875 17067 126 4048 19937 0.782479643821716
"50" 260 2971 83 5.69999980926514 2448 145 2936 15313 413 1725 18741 0.16227699816227
"51" 261 2967 79 5.36999988555908 2699 147 2929 14003 351 1810 17756 0.197770908474922
"52" 262 2961 88 5.55000019073486 2728 159 2923 14316 311 2019 17999 0.172154664993286
"53" 263 2957 87 5.46000003814697 2803 160 2918 14700 275 2216 18291 0.130981385707855
"54" 264 2946 87 5.53999996185303 2773 157 2907 17263 247 2761 20062 0.150516375899315
"55" 265 2942 94 5.48999977111816 2995 171 2901 16858 232 2790 19801 0.164123445749283
"56" 266 2919 90 5.44000005722046 2855 165 2880 23606 229 4034 21428 0.175169944763184
"57" 267 2936 91 5.21000003814697 3194 175 2894 21177 223 3841 22264 0.154771029949188
"58" 268 2919 89 5.17999982833862 3154 172 2878 21247 194 4221 21428 0.1624606102705
"59" 269 2923 91 5.21000003814697 3192 174 2881 19808 176 4085 21556 0.234035387635231
"60" 270 2928 93 5.03999996185303 3441 184 2884 20328 160 4464 21832 0.250605881214142
"61" 271 2926 87 4.80000019073486 3557 182 2880 23147 160 5250 21929 0.192726090550423
"62" 272 2915 90 4.96999979019165 3478 180 2871 21010 161 4714 21134 0.120891019701958
"63" 273 2920 90 4.78999996185303 3663 187 2873 18383 169 3956 20749 0.119164131581783
"64" 274 2914 86 4.67000007629395 3665 185 2867 19166 154 4263 21059 0.255128562450409
"65" 275 2916 92 4.73999977111816 3767 193 2869 19082 143 4398 21154 0.73543244600296
"66" 306 2975 79 5.51999998092651 2528 144 2940 12848 461 1391 16817 0.173472434282303
"67" 307 2969 86 5.55999994277954 2709 155 2931 12397 396 1528 16431 0.158219546079636
"68" 308 2952 89 5.78999996185303 2581 154 2916 15651 333 2163 18982 0.146850243210793
"69" 309 2956 94 5.67000007629395 2868 166 2916 14489 314 2041 18131 0.202393338084221
"70" 310 2935 89 5.53999996185303 2803 161 2896 18006 276 2730 20524 0.153750792145729
"71" 311 2932 89 5.51000022888184 2789 161 2893 22302 243 3622 22343 0.170312359929085
"72" 312 2931 93 5.5 2920 169 2891 18345 239 3149 20727 0.182327464222908
"73" 313 2928 89 5.28999996185303 3063 169 2887 19968 213 3915 21642 0.140443190932274
"74" 314 2909 86 5.25 2996 164 2869 20904 187 4266 20682 0.138459905982018
"75" 315 2915 87 5.26000022888184 3060 166 2874 23429 152 5087 21134 0.189697399735451
"76" 316 2925 98 5.15999984741211 3482 189 2880 21096 143 4756 21859 0.273501545190811
"77" 317 2909 94 5.07999992370605 3436 185 2864 21487 152 4848 20682 0.125458046793938
"78" 318 2912 89 4.98000001907349 3431 178 2868 20809 156 4628 20909 0.073838584125042
"79" 319 2909 88 4.82000017166138 3518 183 2864 19965 170 4269 20682 0.149744287133217
"80" 320 2909 89 4.84999990463257 3536 184 2864 17948 148 3877 20488 0.249730035662651
"81" 321 2922 92 4.73000001907349 3794 194 2873 18236 137 3971 20662 0.896187663078308
"82" 350 2979 96 6.09999990463257 2167 158 2945 12979 621 959 16927 0.130568578839302
"83" 351 2974 86 5.86999988555908 2280 146 2940 13520 569 1176 17372 0.142235606908798
"84" 352 2966 90 6.01000022888184 2355 150 2931 14404 481 1474 18067 0.103120237588882
"85" 353 2968 89 5.73999977111816 2591 155 2931 14162 427 1734 17880 0.132596120238304
"86" 354 2952 89 5.80000019073486 2573 154 2916 15916 356 2151 19167 0.146016135811806
"87" 355 2950 95 5.86999988555908 2675 161 2912 19288 327 2643 21270 0.211902111768723
"88" 356 2951 95 5.48000001907349 2994 174 2910 15340 262 2429 18760 0.226786822080612
"89" 357 2922 87 5.40000009536743 2784 161 2884 20230 244 3357 21645 0.195231154561043
"90" 358 2906 85 5.44999980926514 2703 155 2869 25265 230 4461 20451 0.108973011374474
"91" 359 2911 88 5.40000009536743 2891 162 2873 20051 202 4055 20834 0.122250318527222
"92" 360 2908 91 5.21999979019165 3109 174 2868 19697 186 4103 20605 0.144396752119064
"93" 361 2891 85 5.23000001907349 2936 162 2853 25669 160 5484 19253 0.0947995185852051
"94" 362 2921 92 5.21000003814697 3253 177 2879 18859 165 3947 21027 0.260867685079575
"95" 363 2923 96 5.01000022888184 3634 191 2875 18291 171 4066 20695 0.152903139591217
"96" 364 2913 88 4.86999988555908 3475 180 2868 18496 158 4201 20816 0.127025082707405
"97" 365 2910 90 4.90000009536743 3492 183 2865 18982 155 4184 20758 0.180889174342155
"98" 366 2913 96 5 3553 192 2867 15384 135 3287 18792 0.41184413433075
"99" 367 2925 90 4.67999982833862 3807 192 2876 16556 142 3487 19602 1.0519984960556
"100" 394 2976 92 5.98999977111816 1807 154 2947 15409 708 705 18810 0.0999151021242142
"101" 395 2977 84 5.78999996185303 2005 145 2946 13610 663 773 17445 0.10407330095768
"102" 396 2976 96 6.17999982833862 2034 155 2944 13224 628 911 17130 0.119689375162125
"103" 397 2970 93 6.15999984741211 2179 151 2937 13275 594 1091 17172 0.0866151601076126
"104" 398 2963 91 6.1399998664856 2281 149 2929 14358 525 1383 18031 0.0927089899778366
"105" 399 2961 88 5.82999992370605 2511 151 2925 13868 463 1614 17650 0.118891403079033
"106" 400 2951 90 5.76000022888184 2619 156 2914 16214 409 2007 19372 0.158475741744041
"107" 401 2929 90 5.98000001907349 2451 150 2895 19400 356 2592 21332 0.171301513910294
"108" 402 2938 94 5.6100001335144 2810 167 2899 15647 277 2440 18979 0.264719784259796
"109" 403 2922 95 5.51000022888184 2922 173 2883 20189 238 3524 21645 0.214405834674835
"110" 404 2902 88 5.44000005722046 2778 162 2865 26969 233 4733 20138 0.169456109404564
"111" 405 2889 87 5.40999984741211 2782 160 2853 24769 197 4682 19088 0.0967773571610451
"112" 406 2902 93 5.19999980926514 3125 178 2862 16933 181 3510 19850 0.122915782034397
"113" 407 2889 88 5.21999979019165 3002 169 2851 20923 180 4134 19088 0.0881916284561157
"114" 408 2915 91 5.15000009536743 3247 177 2873 17996 160 3810 20517 0.173608794808388
"115" 409 2914 90 4.96999979019165 3393 180 2870 17816 141 3964 20408 0.109814755618572
"116" 410 2898 88 4.98000001907349 3307 176 2856 19640 135 4374 19821 0.0831265673041344
"117" 411 2912 90 4.90000009536743 3496 183 2867 17421 127 3900 20162 0.116081297397614
"118" 412 2898 92 5 3363 184 2855 22441 121 4892 19821 0.261026442050934
"119" 413 2926 91 4.78999996185303 3671 189 2879 16461 136 3499 19539 1.1092768907547
"120" 437 2972 96 6.34000015258789 1484 152 2948 15805 774 450 19090 0.132281571626663
"121" 438 2979 94 6.19999980926514 1601 152 2953 14653 784 482 18255 0.0993224084377289
"122" 439 2983 88 5.98000001907349 1705 147 2956 13308 765 510 17199 0.097436398267746
"123" 440 2977 88 5.96000003814697 1812 148 2949 14240 726 677 17941 0.0957882329821587
"124" 441 2975 87 5.94999980926514 1946 146 2944 14030 682 735 17778 0.076877735555172
"125" 442 2973 89 6.07000017166138 2058 147 2942 13857 657 885 17641 0.08476422727108
"126" 443 2968 96 6.21000003814697 2135 154 2936 13195 613 993 17107 0.0968276113271713
"127" 444 2962 93 6.21000003814697 2243 149 2929 13304 559 1167 17196 0.113020740449429
"128" 445 2965 90 5.94000005722046 2471 151 2930 14041 479 1468 17786 0.120904885232449
"129" 446 2954 93 5.90000009536743 2608 157 2918 13751 420 1668 17557 0.159362405538559
"130" 447 2939 91 5.82000017166138 2571 157 2904 14184 377 1885 17897 0.238013848662376
"131" 448 2923 99 5.78000020980835 2796 171 2885 18957 299 2907 21083 0.167665466666222
"132" 449 2910 98 5.69999980926514 2814 171 2872 20881 267 3580 20758 0.146701619029045
"133" 450 2914 96 5.48000001907349 2991 176 2875 16969 250 3122 19873 0.132276177406311
"134" 451 2907 88 5.26000022888184 2956 168 2868 18117 221 3312 20528 0.143131211400032
"135" 452 2903 91 5.11999988555908 3115 177 2862 21143 177 4305 20217 0.135628819465637
"136" 453 2885 87 5.1100001335144 3005 170 2847 20643 166 4366 18756 0.119755484163761
"137" 454 2895 88 5.1100001335144 3133 173 2856 19540 150 4253 19579 0.0860598236322403
"138" 455 2903 90 4.94999980926514 3363 182 2860 18740 139 4009 20217 0.0995384007692337
"139" 456 2901 89 4.90999984741211 3417 182 2858 17178 139 3687 20008 0.0829763188958168
"140" 457 2898 91 4.98000001907349 3409 183 2854 17627 122 3793 19821 0.144052267074585
"141" 458 2890 89 4.98999977111816 3316 179 2847 18839 117 4026 19171 0.192868113517761
"142" 459 2926 90 4.82999992370605 3600 187 2879 16086 112 3443 19284 0.94315093755722
"143" 483 2984 88 6.03000020980835 1535 146 2959 13376 797 331 17255 0.134142652153969
"144" 484 2977 91 6.19999980926514 1509 146 2953 14323 794 449 18005 0.0904609337449074
"145" 485 2974 89 6.19000005722046 1596 144 2948 15283 762 552 18719 0.0939426049590111
"146" 486 2976 90 6.09999990463257 1735 148 2948 12943 733 560 16897 0.0794911533594131
"147" 487 2972 93 6.17999982833862 1836 150 2942 14335 698 719 18014 0.0845015421509743
"148" 488 2974 92 6.03000020980835 2001 152 2943 13615 673 849 17449 0.0858539417386055
"149" 489 2967 94 6.17000007629395 2103 153 2934 13004 607 963 16948 0.071990579366684
"150" 490 2959 95 6.28000020980835 2198 151 2926 14016 563 1182 17767 0.0945517122745514
"151" 491 2950 91 6.15000009536743 2279 148 2918 15715 493 1614 19027 0.107144840061665
"152" 492 2953 92 5.96000003814697 2523 155 2918 14548 418 1718 18176 0.162199258804321
"153" 493 2944 93 5.71999979019165 2702 163 2907 13940 361 1891 17707 0.218187361955643
"154" 494 2922 93 5.73000001907349 2676 163 2886 16173 315 2442 19344 0.134167686104774
"155" 495 2924 91 5.6399998664856 2773 162 2887 14606 262 2495 18220 0.137556746602058
"156" 496 2918 89 5.40000009536743 2856 164 2880 16697 232 3047 19695 0.0496803484857082
"157" 497 2911 88 5.23999977111816 2945 167 2873 18066 203 3509 20560 0.0550123043358326
"158" 498 2910 88 5.07999992370605 3107 173 2869 17493 185 3614 20207 0.0336430035531521
"159" 499 2897 86 5.05000019073486 3044 170 2858 20260 201 4027 19740 0.187874972820282
"160" 500 2891 85 4.98999977111816 3093 170 2851 18895 200 3809 19253 0.155555218458176
"161" 501 2896 86 4.82000017166138 3314 178 2854 16850 173 3508 19660 0.0643013641238213
"162" 502 2888 87 4.92999982833862 3296 176 2846 16150 152 3432 19006 0.0848339349031448
"163" 503 2883 92 5.11999988555908 3272 180 2841 19075 150 3925 18588 0.123542934656143
"164" 504 2888 88 5.01999998092651 3242 176 2847 19255 167 3815 19006 0.0806678831577301
"165" 505 2891 79 4.84000015258789 3161 164 2851 20766 147 4246 19253 0.737816572189331
"166" 529 2987 90 6.09999990463257 1463 147 2963 12922 801 343 16879 0.112620040774345
"167" 532 2977 91 6.07000017166138 1726 150 2949 13527 743 533 17378 0.0849415063858032
"168" 533 2972 93 6.21999979019165 1809 149 2943 13924 715 644 17694 0.0734307169914246
"169" 534 2970 90 6.03000020980835 2014 150 2939 13405 674 794 17279 0.0819555670022964
"170" 535 2965 95 6.1100001335144 2138 155 2933 13985 635 981 17742 0.0703675001859665
"171" 536 2962 93 6.23999977111816 2213 149 2929 12803 596 1079 16779 0.136204704642296
"172" 537 2951 93 6.19000005722046 2320 151 2918 14999 506 1509 18512 0.0947688594460487
"173" 538 2951 91 5.92999982833862 2460 153 2918 13706 456 1557 17521 0.160462215542793
"174" 539 2929 93 5.84000015258789 2590 160 2894 16431 383 2225 19518 0.137212187051773
"175" 540 2924 90 5.67000007629395 2662 158 2889 14041 356 2076 17786 0.188507035374641
"176" 541 2908 82 5.55999994277954 2573 148 2875 17160 321 2708 19996 0.0664376243948936
"177" 542 2907 87 5.40000009536743 2773 162 2871 18197 276 3034 20528 0.125148117542267
"178" 543 2914 84 5.21999979019165 2872 161 2877 15105 213 2828 18590 0.0753931477665901
"179" 544 2909 85 5.13000011444092 2967 165 2871 17304 193 3537 20088 0.050738736987114
"180" 545 2911 87 5.01000022888184 3135 173 2870 14979 202 3011 18498 0.22701707482338
"181" 546 2918 87 4.71999979019165 3450 184 2873 15226 218 2999 18678 0.263300359249115
"182" 547 2891 84 4.80000019073486 3266 175 2849 17231 201 3479 19253 0.202249705791473
"183" 548 2878 81 4.90000009536743 3102 166 2839 14929 180 3007 18164 0.118044890463352
"184" 549 2874 85 5.21000003814697 2915 163 2838 22476 231 4217 17822 0.400389105081558
"185" 550 2925 79 4.69000005722046 3241 168 2883 20119 257 3646 21722 1.12174415588379
"186" 551 2925 25 2.3199999332428 3002 108 2887 17413 128 3795 20157 2.98514342308044
"187" 575 2981 94 6.30000019073486 1422 149 2958 12569 798 334 16580 0.147763013839722
"188" 578 2974 93 6.13000011444092 1684 152 2947 15094 759 565 18582 0.0833014100790024
"189" 579 2968 93 6.17000007629395 1825 150 2939 12996 744 597 16941 0.0595042183995247
"190" 580 2968 93 6.1399998664856 1985 151 2937 14361 704 830 18034 0.0901471525430679
"191" 581 2968 86 5.94999980926514 2134 145 2937 12743 679 830 16728 0.0761153474450111
"192" 582 2959 96 6.15999984741211 2275 155 2926 12831 607 1056 16803 0.106213800609112
"193" 584 2949 87 5.84000015258789 2382 149 2917 13579 480 1516 17420 0.132742345333099
"194" 585 2942 90 5.71999979019165 2583 158 2908 14557 394 1963 18183 0.108709827065468
"195" 587 2918 92 5.55000019073486 2749 165 2882 19680 388 2827 21355 0.260800421237946
"196" 588 2911 88 5.32000017166138 2836 166 2874 16462 311 2809 19539 0.229754000902176
"197" 589 2908 79 5.09999990463257 2759 154 2872 15450 243 2936 18839 0.0426301211118698
"198" 590 2904 80 5.13000011444092 2757 156 2869 16095 231 3180 19291 0.0982290282845497
"199" 591 2906 76 4.90999984741211 2830 154 2871 20297 269 3680 20451 0.508662462234497
"200" 592 2920 79 4.57999992370605 3324 172 2876 16239 252 3025 19389 0.450767487287521
"201" 593 2907 81 4.6399998664856 3315 174 2864 14070 222 2750 17809 0.26633632183075
"202" 594 2898 81 4.98999977111816 3010 162 2860 24246 289 4364 19821 0.594901978969574
"203" 595 2928 84 4.84999990463257 3268 172 2885 18587 263 3498 20869 1.45145285129547
"204" 620 2977 91 6.1399998664856 1418 148 2955 15397 812 348 18801 0.157174646854401
"205" 621 2961 83 6.11999988555908 1397 135 2939 14899 834 395 18439 0.160217493772507
"206" 625 2968 91 6.07999992370605 1819 150 2939 14785 758 649 18354 0.0640785992145538
"207" 626 2961 93 6.23999977111816 1889 149 2931 14281 724 797 17972 0.0631943941116333
"208" 627 2965 94 6.15000009536743 2078 152 2933 12980 700 808 16928 0.0833958089351654
"209" 628 2961 95 6.23999977111816 2205 152 2929 13330 655 1022 17217 0.0904831364750862
"210" 632 2918 85 5.59000015258789 2494 152 2885 15019 401 2161 18527 0.143651843070984
"211" 633 2937 87 5.19999980926514 3023 168 2896 15115 370 2273 18597 0.362604111433029
"212" 634 2908 78 5.09999990463257 2656 153 2874 20602 373 3090 20605 0.356567323207855
"213" 635 2901 71 5.01000022888184 2544 142 2870 22507 362 3414 20059 0.700523257255554
"214" 636 2941 73 4.69999980926514 3022 155 2903 26541 376 3919 22938 1.11329698562622
"215" 637 2938 60 4.1399998664856 3072 146 2898 20115 306 3450 21720 1.1649523973465
"216" 638 2930 72 4.51999998092651 3129 160 2890 16520 298 2838 19578 1.00354170799255
"217" 639 2912 74 4.69999980926514 3034 158 2874 19639 362 3035 20909 0.597800374031067
"218" 640 2914 71 4.59000015258789 2999 154 2876 19324 295 3317 21059 0.878835022449493
"219" 641 2935 35 2.95000004768372 2984 120 2897 14464 142 3230 18112 2.81989669799805
"220" 666 2959 99 6.30999994277954 1482 157 2936 16257 834 340 19401 0.119301564991474
"221" 667 2970 97 6.23000001907349 1552 156 2946 11710 835 310 15821 0.183607280254364
"222" 674 2962 97 6.32999992370605 2149 153 2931 13432 662 936 17301 0.143336668610573
"223" 676 2932 94 5.92000007629395 2367 159 2900 15439 535 1620 18831 0.171591728925705
"224" 677 2933 90 5.76000022888184 2464 156 2900 13752 491 1591 17558 0.0609854869544506
"225" 678 2920 78 5.3600001335144 2460 145 2889 16666 431 2233 19675 0.159294113516808
"226" 679 2936 79 5.05000019073486 2847 157 2899 18314 418 2572 20708 0.607264518737793
"227" 680 2940 62 4.44999980926514 2804 139 2904 24533 456 3208 22873 0.824256837368011
"228" 681 2949 32 2.88000011444092 2821 111 2914 22327 394 3070 22813 3.41845989227295
"229" 722 2943 98 6 2411 163 2910 14241 559 1451 17941 0.0923733413219452
"230" 723 2934 88 5.67999982833862 2450 155 2901 14409 502 1637 18070 0.0842478722333908
"231" 724 2923 78 5.34999990463257 2460 146 2891 25293 459 3188 21717 0.693556010723114
"232" 725 2951 71 4.84000015258789 2765 146 2916 19258 460 2546 21253 1.3523176908493
"233" 726 2954 33 3.01999998092651 2699 108 2921 28608 451 3580 23739 2.62705612182617
"234" 765 2945 101 6.32999992370605 2063 159 2914 15339 748 701 18760 0.11261472851038
"235" 766 2948 100 6.26999998092651 2179 159 2916 15293 706 895 18727 0.0999758392572403
"236" 767 2947 98 6.1100001335144 2285 161 2915 16415 612 1345 19508 0.0756570249795914
"237" 768 2946 94 5.98000001907349 2366 158 2914 13430 616 1237 17299 0.088858924806118
"238" 769 2925 85 5.78000020980835 2281 147 2895 14840 544 1643 18395 0.187189772725105
"239" 770 2924 79 5.40000009536743 2428 147 2893 23677 450 2909 21788 0.647787272930145
"240" 771 2956 44 3.79999995231628 2611 115 2924 21994 386 3283 22658 2.99872541427612
"241" 809 2956 91 6.11999988555908 1995 149 2927 13156 757 462 17074 0.166188478469849
"242" 810 2939 90 6.23000001907349 1868 144 2911 18702 727 736 20936 0.136911228299141
"243" 811 2952 94 6.28999996185303 1997 150 2922 16137 709 763 19319 0.251353949308395
"244" 813 2948 97 6.15999984741211 2182 157 2918 15704 625 1219 19019 0.164010494947433
"245" 814 2936 91 5.90999984741211 2238 154 2905 14112 587 1233 17841 0.117003448307514
"246" 815 2926 82 5.63000011444092 2234 146 2897 16638 499 1792 19656 0.0992979779839516
"247" 816 2956 61 4.73999977111816 2487 129 2925 22827 410 2921 23039 1.00310707092285
"248" 856 2923 90 5.96000003814697 2025 151 2894 19108 756 712 21169 0.10880608856678
"249" 857 2932 88 5.96000003814697 2021 147 2903 16817 739 722 19774 0.151475444436073
"250" 858 2922 88 5.94999980926514 2113 148 2892 20801 676 1140 21645 0.16011917591095
"251" 859 2920 88 5.98999977111816 2129 147 2891 18234 606 1401 20661 0.201312616467476
"252" 860 2925 91 5.80999994277954 2256 156 2894 14856 569 1286 18407 0.150197595357895
"253" 861 2925 80 5.51000022888184 2245 146 2896 20406 523 2124 21859 0.212986007332802
"254" 902 2946 83 5.69999980926514 2033 146 2917 14890 770 551 18432 0.119569800794125
"255" 903 2939 94 5.90999984741211 2124 159 2909 14354 766 576 18028 0.122193895280361
"256" 904 2938 95 5.84000015258789 2254 162 2906 14136 711 760 17860 0.165165930986404
"257" 905 2923 87 5.82000017166138 2150 149 2893 17207 651 1164 20026 0.221133008599281
"258" 906 2942 92 5.67999982833862 2351 161 2910 14844 600 1158 18398 0.301628887653351
"259" 907 2920 78 5.36999988555908 2297 146 2890 20926 446 2493 21501 0.656136989593506
"260" 946 2947 91 6.26000022888184 1794 146 2920 14608 835 425 18221 0.139975637197495
"261" 947 2941 89 6.09000015258789 1887 146 2914 13831 813 470 17621 0.0950029492378235
"262" 948 2946 92 6.03000020980835 2001 153 2917 14675 788 520 18272 0.0703902542591095
"263" 949 2937 93 5.90999984741211 2075 158 2908 12870 784 479 16836 0.0757960751652718
"264" 950 2908 91 5.82000017166138 2101 156 2879 18877 729 949 20605 0.187974646687508
"265" 951 2876 89 5.84000015258789 2110 152 2847 20347 666 1263 17993 0.366963595151901
"266" 952 2939 89 5.69000005722046 2222 156 2908 13181 622 994 17095 0.219003230333328
"267" 953 2963 43 4.17000007629395 2146 103 2937 16826 385 2193 19780 0.919803321361542
"268" 991 2953 92 6.32999992370605 1699 146 2928 15436 878 350 18829 0.104083620011806
"269" 993 2933 92 6.19000005722046 1837 149 2906 17041 834 499 19920 0.0985328927636147
"270" 994 2938 93 6.03000020980835 1986 154 2909 13548 821 399 17395 0.0728814378380775
"271" 995 2920 93 5.90999984741211 2087 157 2891 17511 793 645 20218 0.0871741846203804
"272" 996 2923 88 5.76999998092651 2097 153 2893 20384 755 956 21717 0.274584770202637
"273" 997 2949 92 5.71999979019165 2218 161 2918 14823 653 955 18382 0.470540344715118
"274" 998 2902 64 5.1399998664856 2030 124 2876 18177 535 1622 20138 0.510998487472534
"275" 1038 2929 94 6.11999988555908 1847 154 2903 17047 873 450 19924 0.112082757055759
"276" 1039 2929 93 6.07999992370605 1871 153 2902 15072 830 452 18566 0.102451846003532
"277" 1040 2932 92 5.94999980926514 1976 154 2904 15103 824 422 18589 0.0571561492979527
"278" 1041 2930 89 5.80999994277954 2074 154 2901 15706 785 566 19021 0.0857800990343094
"279" 1042 2911 86 5.67999982833862 2083 152 2882 19550 725 860 20834 0.26724761724472
"280" 1043 2948 87 5.51000022888184 2213 157 2919 16213 687 898 19371 0.507972359657288
"281" 1084 2907 93 6.07000017166138 1896 153 2880 19806 882 487 20528 0.16992262005806
"282" 1085 2932 91 5.90000009536743 1982 155 2904 14581 792 459 18201 0.109601303935051
"283" 1086 2924 85 5.80999994277954 1970 147 2897 16648 785 526 19663 0.0794657617807388
"284" 1087 2921 87 5.67000007629395 2075 153 2893 17953 771 635 20491 0.148400396108627
"285" 1088 2954 90 5.59000015258789 2191 160 2924 15327 738 626 18751 0.301101565361023
"286" 1089 2952 83 5.40999984741211 2204 153 2923 15579 643 1001 18931 0.498449563980103
"287" 1127 2940 89 6.07999992370605 1832 146 2913 13760 857 353 17564 0.227124080061913
"288" 1128 2956 92 6 1872 153 2928 14824 865 376 18383 0.278345823287964
"289" 1129 2950 86 5.94000005722046 1884 145 2923 14218 887 369 17924 0.249570921063423
"290" 1130 2938 85 5.78999996185303 1955 146 2911 21774 861 578 22554 0.27274963259697
"291" 1131 2941 87 5.73000001907349 2043 152 2912 17592 820 505 20269 0.231557264924049
"292" 1132 2932 86 5.67000007629395 2070 152 2904 16663 789 555 19673 0.209729909896851
"293" 1133 2935 85 5.57999992370605 2110 153 2907 16589 776 602 19624 0.190201625227928
"294" 1134 2950 85 5.51999998092651 2177 154 2921 14088 750 593 17823 0.266207009553909
"295" 1135 2972 84 5.38000011444092 2317 156 2942 12909 618 927 16868 1.132328748703
"296" 1171 2954 92 6.30999994277954 1711 146 2929 10646 913 211 14822 0.127273425459862
"297" 1172 2936 85 6.13000011444092 1820 139 2909 12838 874 322 16809 0.182704269886017
"298" 1173 2940 83 5.96999979019165 1835 139 2913 13119 848 388 17044 0.0968432426452637
"299" 1174 2944 88 5.96000003814697 1843 148 2917 14968 861 432 18490 0.224501520395279
"300" 1175 2941 82 5.78999996185303 1856 142 2915 16976 852 517 19878 0.265890032052994
"301" 1176 2940 88 5.75 1976 153 2912 16492 849 506 19559 0.290706187486649
"302" 1177 2945 85 5.69999980926514 1969 149 2918 13058 817 456 16993 0.139181613922119
"303" 1178 2960 87 5.55999994277954 2141 156 2931 13181 773 491 17095 0.357117086648941
"304" 1179 2956 87 5.48999977111816 2171 158 2927 17463 769 714 20188 0.320544481277466
"305" 1180 2933 80 5.38000011444092 2161 148 2904 13880 744 654 17660 0.452518194913864
"306" 1181 2973 76 5.21999979019165 2243 145 2945 18266 536 1707 20680 1.54399967193604
"307" 1212 2945 95 6.75 1436 140 2922 8224 934 122 12277 0.0951079130172729
"308" 1213 2956 95 6.57000017166138 1569 144 2932 8205 922 144 12255 0.0865554511547089
"309" 1217 2933 87 6.23000001907349 1743 139 2907 11350 868 278 15491 0.146104395389557
"310" 1218 2961 86 6 1838 143 2934 12890 844 387 16852 0.28363049030304
"311" 1219 2938 81 5.90999984741211 1815 137 2912 13824 844 475 17615 0.280025213956833
"312" 1220 2972 87 5.76999998092651 1875 150 2945 14610 881 417 18223 0.50330913066864
"313" 1221 2975 84 5.71000003814697 1862 147 2949 11113 853 342 15269 0.381091684103012
"314" 1222 2962 84 5.69999980926514 1922 147 2934 12153 861 367 16217 0.351524204015732
"315" 1223 2899 82 5.63000011444092 2000 145 2871 17691 792 649 19900 0.22980260848999
"316" 1224 2967 89 5.57999992370605 2170 159 2938 13441 737 567 17308 0.499472558498383
"317" 1225 2965 88 5.55999994277954 2168 158 2935 12734 757 550 16721 0.409304976463318
"318" 1226 2933 80 5.42000007629395 2133 148 2905 14323 741 713 18005 0.410242706537247
"319" 1227 2967 67 5.13000011444092 2085 131 2941 15813 554 1439 19096 1.47858941555023
"320" 1258 2940 94 6.73999977111816 1490 139 2917 8394 897 178 12469 0.139771461486816
"321" 1259 2960 93 6.57000017166138 1549 142 2936 7112 886 159 10970 0.0859157666563988
"322" 1260 2949 92 6.46000003814697 1601 142 2924 9684 881 217 13858 0.159355014562607
"323" 1261 2982 96 6.40000009536743 1670 150 2957 7394 910 153 11310 0.373641520738602
"324" 1262 2951 91 6.30999994277954 1732 144 2925 9429 838 280 13592 0.256094962358475
"325" 1263 2948 87 6.07999992370605 1866 143 2921 10687 758 513 14862 0.192330464720726
"326" 1264 2954 85 6 1833 141 2928 11214 790 510 15364 0.35172900557518
"327" 1265 2983 87 6.07000017166138 1771 143 2957 10356 847 377 14538 0.265762597322464
"328" 1266 2961 85 5.8899998664856 1830 145 2935 12707 868 420 16698 0.397520899772644
"329" 1267 2947 84 5.80000019073486 1865 145 2921 13432 861 432 17301 0.323078155517578
"330" 1268 2942 81 5.76000022888184 1854 141 2917 13126 857 455 17050 0.292397111654282
"331" 1269 2934 81 5.65000009536743 2013 144 2907 14244 732 695 17944 0.378743380308151
"332" 1270 2966 88 5.67999982833862 2102 154 2938 12273 724 625 16323 0.609755575656891
"333" 1271 2971 82 5.61999988555908 2019 146 2944 10509 739 556 14688 0.989826917648315
"334" 1272 2953 74 5.28999996185303 2095 140 2927 16386 595 1217 19488 1.12895548343658
"335" 1273 2967 39 4.40999984741211 1696 89 2946 12794 444 1449 16771 3.21413421630859
"336" 1304 2959 92 6.69999980926514 1526 137 2936 8118 834 294 12156 0.171897158026695
"337" 1305 2951 89 6.48000001907349 1600 138 2927 7689 819 303 11660 0.0858449712395668
"338" 1306 2953 88 6.28000020980835 1668 140 2928 9378 827 325 13539 0.131792262196541
"339" 1307 2958 89 6.23999977111816 1697 142 2933 8497 859 276 12584 0.291815966367722
"340" 1308 2949 81 5.86999988555908 1920 138 2922 11066 711 716 15224 0.221098631620407
"341" 1309 2963 86 6 1873 143 2936 12133 668 866 16200 0.292678594589233
"342" 1310 2963 82 6.01000022888184 1741 137 2938 9795 746 538 13972 0.266763746738434
"343" 1311 2958 84 6.01000022888184 1766 140 2933 11742 803 521 15850 0.310471057891846
"344" 1312 2979 85 5.94999980926514 1791 143 2953 8904 821 359 13032 0.61826753616333
"345" 1313 2969 89 5.94999980926514 1835 149 2943 11187 842 417 15338 0.482760727405548
"346" 1314 2939 82 5.78999996185303 1870 141 2913 12753 783 579 16737 0.31769186258316
"347" 1315 2935 83 5.59999990463257 2094 149 2907 15892 671 996 19151 0.55705851316452
"348" 1316 2964 85 5.69999980926514 2077 149 2937 12441 643 916 16469 0.89320033788681
"349" 1317 2974 83 5.59999990463257 2006 149 2948 9852 636 674 14031 1.51706719398499
"350" 1318 2972 53 4.94999980926514 1771 108 2950 9768 517 941 13945 1.64693665504456
"351" 1349 2947 93 6.84000015258789 1463 136 2925 6527 751 339 10244 0.258009552955627
"352" 1350 2939 86 6.46999979019165 1655 133 2914 9172 681 740 13320 0.187651619315147
"353" 1351 2943 82 6.28000020980835 1661 130 2919 9273 627 856 13428 0.144460558891296
"354" 1352 2943 84 6.21999979019165 1699 135 2918 11790 684 913 15893 0.339788615703583
"355" 1353 2947 86 6.07000017166138 1780 142 2921 8756 679 616 12870 0.306499928236008
"356" 1354 2972 87 5.92999982833862 1923 146 2945 9558 595 846 13727 0.313856869935989
"357" 1355 2973 86 6.07999992370605 1793 142 2948 9646 640 753 13819 0.199624553322792
"358" 1356 2972 84 6.05000019073486 1733 138 2948 10273 680 724 14455 0.242574363946915
"359" 1357 2971 81 5.98999977111816 1743 135 2947 10141 711 674 14323 0.468955844640732
"360" 1358 2958 82 5.8899998664856 1825 140 2932 12878 722 811 16842 0.54950487613678
"361" 1359 2970 85 5.94000005722046 1817 143 2944 10774 789 542 14946 0.650164902210236
"362" 1360 2916 76 5.73000001907349 1873 133 2891 13200 679 922 17111 0.316147476434708
"363" 1361 2933 73 5.34999990463257 2078 136 2906 18736 520 1915 20956 0.683539628982544
"364" 1362 2968 44 4.73000001907349 1654 93 2947 10919 489 1231 15085 1.80561411380768
"365" 1393 2950 80 6.53999996185303 1522 123 2927 7947 578 713 11960 0.278465569019318
"366" 1394 2950 82 6.6399998664856 1446 124 2928 6855 605 617 10654 0.288022935390472
"367" 1395 2935 76 6.26000022888184 1556 121 2912 8908 492 1069 13036 0.151858061552048
"368" 1396 2966 82 6.1399998664856 1749 133 2941 8978 416 1276 13112 0.401301503181458
"369" 1397 2966 80 6.15999984741211 1670 130 2941 9834 529 1095 14012 0.383734554052353
"370" 1398 2981 83 6.26999998092651 1601 133 2957 7925 610 734 11935 0.404415905475616
"371" 1399 2947 80 6.07999992370605 1715 131 2922 10119 555 1010 14301 0.255575954914093
"372" 1400 2975 84 6.01000022888184 1821 140 2950 10252 477 1269 14434 0.40288782119751
"373" 1401 2969 85 6.09999990463257 1755 140 2944 10994 565 1095 15156 0.214901193976402
"374" 1402 2973 82 6.07000017166138 1729 135 2949 11525 612 990 15652 0.258109480142593
"375" 1403 2973 82 5.96999979019165 1731 137 2949 11727 633 948 15836 0.337535589933395
"376" 1404 2971 78 5.88000011444092 1755 132 2947 12405 634 1047 16438 0.55481094121933
"377" 1405 2970 78 5.82999992370605 1813 134 2946 12711 591 1162 16701 1.05888640880585
"378" 1406 2972 64 5.34000015258789 1834 119 2949 14049 502 1673 17792 1.24141347408295
"379" 1407 2973 32 4.09999990463257 1592 77 2953 12513 427 1732 16531 2.52245116233826
"380" 1438 2942 75 6.42000007629395 1438 117 2921 7586 373 1064 11538 0.202459156513214
"381" 1439 2944 70 6.07000017166138 1574 116 2922 10067 263 1664 14249 0.308680415153503
"382" 1440 2971 76 6.21000003814697 1536 122 2949 9547 300 1589 13716 0.563571453094482
"383" 1441 2967 75 6.28000020980835 1482 119 2946 10975 350 1671 15138 0.445232212543488
"384" 1442 2973 77 6.21000003814697 1579 124 2950 8855 394 1211 12978 0.433328568935394
"385" 1443 2968 78 6.09999990463257 1649 128 2944 10518 424 1359 14697 0.357288420200348
"386" 1444 2973 79 6.19000005722046 1599 127 2950 9001 447 1120 13137 0.502211809158325
"387" 1445 2948 77 5.96999979019165 1717 129 2924 12157 369 1739 16221 0.568397164344788
"388" 1446 2971 79 5.92000007629395 1768 134 2946 11526 360 1712 15653 0.633995532989502
"389" 1447 2976 81 5.92999982833862 1752 136 2951 11456 408 1553 15589 0.325583636760712
"390" 1448 2976 70 5.67999982833862 1709 123 2952 12644 435 1721 16644 0.395144015550613
"391" 1449 2974 58 5.51000022888184 1586 105 2953 13018 480 1694 16960 0.74415135383606
"392" 1450 2976 57 5.3600001335144 1624 106 2954 13197 505 1610 17108 1.01895034313202
"393" 1451 2976 39 4.6399998664856 1510 85 2956 12715 442 1745 16704 1.30872488021851
"394" 1482 2982 88 6.55000019073486 1664 134 2958 6879 278 1011 10684 0.167646512389183
"395" 1483 2980 82 6.53000020980835 1490 125 2958 7534 243 1234 11477 0.346902668476105
"396" 1484 2970 69 6.11999988555908 1499 112 2949 11836 179 2294 15935 0.414209187030792
"397" 1485 2970 65 5.96000003814697 1473 109 2949 13447 133 2841 17313 0.497001707553864
"398" 1486 2966 69 6.07999992370605 1499 113 2945 16451 169 3137 19532 0.442768514156342
"399" 1487 2968 66 6.07000017166138 1452 109 2948 14993 230 2779 18508 0.681463479995728
"400" 1488 2950 70 5.94999980926514 1582 118 2927 13763 244 2489 17567 0.702627897262573
"401" 1489 2975 74 6.05000019073486 1600 123 2952 13150 222 2435 17069 0.641419649124146
"402" 1490 2971 72 5.94000005722046 1619 122 2948 14178 236 2516 17893 0.485972285270691
"403" 1491 2973 62 5.71999979019165 1571 109 2951 14332 198 2766 18011 0.522497951984406
"404" 1492 2975 58 5.55999994277954 1545 105 2953 13577 241 2615 17418 0.712182283401489
"405" 1493 2978 51 5.23999977111816 1520 97 2958 14629 288 2637 18237 0.822310984134674
"406" 1528 2983 83 6.34999990463257 1695 131 2958 8479 268 1457 12564 0.220192030072212
"407" 1529 2975 61 5.90000009536743 1485 104 2954 13417 351 2253 17288 0.638287901878357
"408" 1530 2983 39 5.21999979019165 1235 75 2966 18013 415 2690 20528 1.30952870845795
"409" 1535 2979 31 4.71000003814697 1198 66 2963 16686 205 3226 19688 1.81059515476227
"410" 1536 2980 28 4.57000017166138 1155 62 2964 16063 204 3246 19269 1.51921534538269
"411" 1574 2982 79 6.26999998092651 1592 126 2959 10845 356 1830 15014 0.365759819746017
"412" 1575 2986 59 5.86999988555908 1374 100 2967 16785 478 2221 19753 0.718167781829834
"413" 1618 2981 77 6.32000017166138 1501 121 2960 9014 432 1219 13151 0.387996912002563
"414" 1619 2983 72 6.23999977111816 1459 116 2962 11093 435 1573 15250 0.331599742174149
"415" 1620 2982 52 5.69000005722046 1275 91 2964 16226 455 2305 19380 0.638135075569153
"416" 1663 2982 76 6.28999996185303 1463 120 2961 10667 531 1129 14842 0.407451957464218
"417" 1664 2984 49 5.73000001907349 1199 86 2968 15394 555 1615 18799 0.752793312072754
"418" 1665 2988 28 4.73999977111816 1010 58 2974 15471 543 1724 18854 1.86899721622467
"419" 1709 2988 55 6 1232 92 2971 12650 641 1091 16649 0.98979514837265
"420" 1751 2960 84 6.96999979019165 1303 121 2941 7845 534 631 11842 0.13456703722477
"421" 1752 2960 74 6.5 1389 113 2941 12780 598 1043 16760 0.282731771469116
"422" 1753 2978 75 6.40999984741211 1441 117 2958 11869 619 974 15965 0.418989241123199
"423" 1796 2974 80 7.09000015258789 1173 113 2957 8303 571 566 12366 0.269979625940323
"424" 1797 2965 72 6.65999984741211 1303 108 2947 10742 545 873 14915 0.332226425409317
"425" 1798 2965 72 6.53999996185303 1311 110 2947 18359 571 1522 20735 0.553586006164551
"426" 1799 2982 52 6.1399998664856 1114 84 2967 15899 595 1329 19155 0.734614789485931
"427" 1841 2972 74 7.11999988555908 1093 104 2956 11188 546 866 15339 0.622097015380859
"428" 1842 2973 70 6.98999977111816 1090 100 2958 10026 570 817 14208 0.562143206596375
"429" 1843 2981 68 6.69999980926514 1206 102 2964 16235 568 1400 19386 0.717887759208679
"430" 1844 2986 43 5.98999977111816 984 71 2972 17548 584 1438 20242 0.970868766307831
"431" 1887 2990 42 6.15999984741211 930 68 2977 17488 598 1283 20204 1.13557720184326
"432" 1888 2991 38 6.03999996185303 910 63 2978 19807 592 1586 21555 1.3104373216629
