"id" "rich_amp" "dr_amp" "aa_amp" "fdis_amp" "rich_squa" "dr_squa" "aa_squa" "fdis_squa" "rich_birds" "dr_birds" "aa_birds" "fdis_birds" "rich_mammals" "dr_mammals" "aa_mammals" "fdis_mammals"
"1" 31 41 1.40896489739842 8.53871083250958 0.456818273316843 81 6.87885070211386 2.24884171146711 0.494351370637235 263 17.9900167337064 22.4868792850386 0.518494723529994 57 7.04266855306792 0.168236699915112 0.541325704549927
"2" 32 41 1.40896489739842 8.31401054744354 0.456818273316843 78 6.69818359407689 2.4833901194872 0.493294231875144 271 18.6389146706035 21.9846617414229 0.519851191549162 63 7.64584181224663 0.251983906857145 0.537563049334355
"3" 33 37 1.29134141106357 8.08209630655613 0.456059346087634 76 6.25984766281028 3.28365936248322 0.4936268529543 300 20.4523167426337 21.4554218556766 0.519908375334875 64 7.74756244473531 0.244987131666669 0.53900150610402
"4" 42 39 1.17279762156535 4.51915293405987 0.455677435744308 60 4.15048881272335 4.52962507920429 0.485883864249744 237 16.0455376827006 6.04930512057653 0.520986914026442 50 6.00012809467838 0.185405039387085 0.536207069123749
"5" 76 38 1.27435726848449 8.97939450931013 0.455232167900754 83 6.91547225888517 2.16032348527053 0.495024296218413 256 17.5484623261606 22.8090282320863 0.517044359117217 56 7.22043886318911 42.4131222048225 0.54213800671019
"6" 77 38 1.27435726848449 8.97939450931013 0.455232167900754 81 6.87885070211386 2.19789258936219 0.494351370637235 267 18.4331137537579 22.9281926183066 0.518236514983668 56 6.86535400440911 43.3264599261694 0.540936326077686
"7" 78 37 1.23034345663159 8.27117581624896 0.455955816373727 81 6.90475556789489 2.36771514124857 0.495205145057334 282 19.3668198383081 23.1462775715488 0.519243672318265 57 7.07122127286486 0.174034517153565 0.53985319399636
"8" 79 35 1.20207168366909 8.52181447734741 0.45612818067621 76 6.63699912605001 2.47939510074143 0.492027919333733 304 20.9151948957689 22.2505292488043 0.520401939039328 62 7.51093650995185 0.259392257058826 0.539911242104336
"9" 87 42 1.346696023503 15.5163062617572 0.458934351261046 68 4.67899779599638 4.15549974773575 0.482476490707029 257 17.3990419061532 5.3405031677064 0.522235378923758 54 6.46024376432605 0.0173533534700014 0.538466060338899
"10" 88 33 0.963544286783703 3.49095965031904 0.454315418220269 62 4.35686086627393 3.62131442221859 0.484008850361051 228 15.6922460259343 5.92204357078861 0.522207950037173 49 5.78089026527688 0.0247476478142877 0.537611283107983
"11" 121 37 1.20412734350969 8.52181447734741 0.457260479100499 87 6.97989274623783 2.06435738770449 0.496025790190499 253 17.4439889536933 22.7994969017234 0.515407404741712 57 7.10692746727848 1.67473296821842 0.539849281717361
"12" 122 35 1.17163404963862 8.78811805476452 0.456066093968145 84 6.68788981394772 2.1420165065818 0.49527722583101 262 17.9338327094335 22.4769432044394 0.517755135852202 55 6.82046231816788 1.85415792909897 0.540349055485741
"13" 123 35 1.17163404963862 8.78811805476452 0.456066093968145 80 6.60111129569413 2.25676203372011 0.494017045121546 268 18.5536115428349 23.0950450955787 0.519190007200437 55 6.82046231816788 1.85415792909897 0.540349055485741
"14" 124 36 1.20605451868496 8.52181447734741 0.456036426338014 81 6.67311705548468 2.29779225251502 0.495205661376463 289 19.8321385689692 22.7433230696973 0.52028339254496 57 7.04831729215787 43.3264599261694 0.540004239378394
"15" 125 37 1.27841732584393 8.31980208027837 0.45571151966934 78 6.61790180884519 2.40131085174774 0.491952497903615 310 21.1635630179743 21.8906838904195 0.520929775083474 62 7.3986327494313 1.98753873505589 0.540585585957157
"16" 126 36 1.21295141926108 7.9874287360968 0.456691427035114 79 6.55535546951375 2.73974554788164 0.491951036891101 304 20.8169779797898 22.1186504887476 0.521894432398776 64 7.59792056482048 1.86920571296668 0.540992449284448
"17" 127 35 1.08348508440337 6.42203231758302 0.45541555976714 78 6.55429645656941 2.77881094808959 0.491494760345225 301 20.4901371907548 4.2839934487342 0.519966682634089 61 7.18869521508384 49.1678679817725 0.539223883130549
"18" 128 35 1.06559691321226 2.60541861422017 0.457840706700691 78 6.06722234052211 3.52340822334875 0.490821993165552 301 20.5904111388273 4.27675307965059 0.519201703548832 61 7.36714640531262 50.6741616253566 0.538774789763877
"19" 129 42 1.28413622004274 10.262882449377 0.454434629364751 83 6.32732084758801 4.64383352116302 0.490319964022529 310 21.2553953249184 4.51341190264101 0.518952034841584 66 7.84962523920921 43.3699855199002 0.539964660597739
"20" 133 43 1.32698542564772 14.4605740758524 0.462469713185985 70 4.96565003268795 3.34548651330939 0.485525758666477 255 17.4485181212315 5.11890318841899 0.521719519654176 54 6.193031209167 0.0179482966931049 0.539045563818174
"21" 134 33 0.961854962791796 3.60732163866301 0.454731868171219 64 4.59407110957271 2.32698313390395 0.486962226221987 222 14.9622055835514 6.10140188951912 0.522148108194349 50 5.92059692885204 0.0236273001863656 0.537307602605979
"22" 168 37 1.20412734350969 8.52181447734741 0.457260479100499 84 6.68075270177407 2.13374419065254 0.49575408243135 274 19.0376771367907 23.0449852855599 0.516040763180414 55 6.82046231816788 0.928897310370005 0.540349055485741
"23" 169 36 1.1898697533581 8.78811805476452 0.457362121884869 81 6.70944097834481 2.21717147172502 0.49643961387363 280 19.3384258006396 22.9530576742132 0.518782618360829 58 7.12770556869675 1.14425372906863 0.54101149583944
"24" 170 42 1.3599179246227 9.10687442989093 0.453966052741519 81 6.66989680356253 2.3636525148537 0.495637741433265 291 19.9507365065939 22.4072338621781 0.518886407857906 61 7.3338235946982 1.80906833166617 0.54195624798907
"25" 171 39 1.28697830225431 9.27246162844184 0.449530168561365 83 6.86931269866491 2.68731475434675 0.494196635598327 298 20.6110056777666 22.3276155052239 0.521133949362853 64 7.62257822597114 1.70569871271382 0.541878375695092
"26" 172 34 1.09992531170359 8.39429041100459 0.451447872946367 81 6.851438777781 2.66502794203032 0.492128849340571 300 20.8320994903568 22.2216385281009 0.522118601088593 66 7.7828641312742 2.02071581686001 0.541529177781286
"27" 173 32 0.987427787265353 6.93007219385977 0.454762080018023 82 6.74859745547526 2.82665368959311 0.493753538475213 293 20.1380816774358 4.32451187913609 0.519279032872425 60 7.30406251255233 0.856156173218684 0.539564108723581
"28" 174 34 1.01442496777558 2.69226256802751 0.458577730659496 80 6.40240276220211 2.75308214301468 0.492963879515207 295 20.312770106432 4.35595035890338 0.51959970742248 63 7.51488495741555 1.47707016396453 0.539920658700584
"29" 175 41 1.31221442536916 11.7553262353989 0.459678191916054 83 6.32018373541436 3.66312679888425 0.491543438550537 297 20.558811421877 4.27409656909927 0.519835578992502 64 7.1337614426639 45.1000450368853 0.538417768838551
"30" 176 42 1.33747431588102 13.3546828619623 0.456963875999845 82 6.15971901664721 2.77881094808959 0.491602559577517 296 20.3929343919039 4.42581096057614 0.519947151734648 63 7.07755530444192 45.4880465081545 0.538863730917179
"31" 177 44 1.37841247412114 14.5913096732513 0.460079025358569 80 5.98528352875708 3.4420779771179 0.489332093159922 295 20.2551079549828 4.45874627145411 0.519242763055915 59 6.64852510366951 1.00124291191857 0.539022769253877
"32" 178 48 1.45400577064405 12.2952546437749 0.462085079832374 76 5.64744718449588 3.30290747536943 0.487193988686207 278 19.0835816045086 4.60192147762621 0.520372270163541 58 6.6255666536044 0.892806828950133 0.539354450114449
"33" 179 37 1.02747968592905 3.01874604327525 0.458710486298585 69 5.05217516654362 2.84243842402811 0.487879832844848 245 16.7360384978099 4.99225528457932 0.522256822711039 53 5.89597356050655 0.82433033441202 0.537139388015927
"34" 180 36 1.01613623573705 3.27939239878455 0.456992161911278 63 4.7472574309926 2.54278896500566 0.487465176012885 220 14.7188723582907 5.48459291909825 0.522419830575338 52 5.82464202236809 0.0216666918375018 0.538336177072379
"35" 183 35 1.07280766424144 4.30021764667959 0.459331621153668 54 4.04099965607257 2.80774710646166 0.488814269724033 194 13.0417494852654 7.54249952158782 0.527038414404985 50 5.86587263924432 0.0974542832470028 0.537361282799614
"36" 214 38 1.19078564539541 8.27117581624896 0.455556811763715 87 7.00985658724401 2.08127753022666 0.496668196233329 278 19.5153715814435 23.0389604730681 0.516789037074903 57 7.20714377147001 0.86897490324936 0.540297029986063
"37" 215 41 1.2928085407719 9.10687442989093 0.453843796210345 83 6.77770428832427 2.28144199259792 0.495421649649861 282 19.4665077654908 22.6676392017513 0.518483936665021 60 7.27155077475344 1.10958240394534 0.542784121645303
"38" 216 39 1.2373509315913 9.54517814692543 0.450785279174734 88 7.02080868494721 2.22344177244712 0.496453364309442 282 19.5638574722645 22.4426135518213 0.519699217367059 64 7.70384139035228 39.4884073615277 0.542283263089571
"39" 217 33 0.994466251076355 5.50446657898715 0.452575417479598 86 6.99617319781144 2.61721349988553 0.49392414401269 294 20.5217691406396 22.1132620430165 0.521424129441026 61 7.49112665948657 1.18116191387729 0.542047422947
"40" 218 33 0.975283215353554 5.32444227838001 0.455393501107965 86 7.05764474241239 2.57152169845031 0.493817300315882 285 19.662467902831 4.52092401561818 0.521311809930461 59 7.15315477952377 0.886729607976495 0.539934865333827
"41" 219 32 1.0751065422006 9.30969657600492 0.454688582224102 84 6.95492570144808 2.6174399430655 0.494402268970393 287 19.8205802337983 4.48040322630062 0.519452884926419 60 7.30406251255233 0.856156173218684 0.539564108723581
"42" 220 34 1.08686741930573 8.45112572870847 0.452529502904675 83 6.71957008219442 2.6786772202305 0.492693204392754 288 19.9250983440555 4.22401309436903 0.520370511047311 63 7.30295490569927 1.45415759256564 0.539313122143539
"43" 221 37 1.13978154191291 9.04520331802083 0.455110326659555 80 6.13278939132583 2.80502520231685 0.49313065451609 286 19.824742757059 4.42499592772752 0.521113159059309 64 7.1387491044705 1.41009524127577 0.53932692980026
"44" 222 40 1.12389095015003 1.95472028946737 0.460108415491901 81 6.14392827460867 2.83173877567225 0.493021630622491 284 19.5187719672009 4.49934367365689 0.520785039787882 60 6.83221234282757 0.827620967444728 0.539523924570968
"45" 223 40 1.09731623013897 1.90189271407636 0.460967388236487 76 5.76781094850051 3.0933300558342 0.492357820201461 275 18.7129658509783 4.48547503195479 0.521764924293012 59 6.71337007885719 0.827620967444728 0.539269693372517
"46" 224 42 1.1721425562405 2.02704230325193 0.459065057034768 73 5.49147973225426 3.12980601521669 0.489875147172381 265 18.0917719426233 4.79540753973274 0.523245542314943 59 6.76295463625847 1.17170474160431 0.538687665310381
"47" 225 38 1.07871243724737 3.87703415842139 0.460106053435375 71 5.23153090960457 3.19274742924108 0.487762552960533 244 16.71453579883 5.0282632823809 0.524453098573261 53 6.13215874687064 1.07590169341155 0.536606502853536
"48" 228 34 1.02600355051637 5.86530120272751 0.452913900466893 56 4.08831865519594 2.70246033996934 0.487604452450588 206 13.4560238635497 6.76121992460328 0.525185075928825 52 6.10207779203103 0.019270392744446 0.536575345547422
"49" 229 35 1.07873342481478 6.02195135480459 0.459611076708367 53 3.92275448980267 2.84468983154668 0.489372052095236 203 13.5017691405729 7.60722772159347 0.526653731497491 50 5.95179844023812 0.0974542832470028 0.537425880938246
"50" 260 39 1.18872640730843 9.54517814692543 0.451577495993384 96 7.488021528167 1.95013434640193 0.497934911424519 283 19.8796713751532 23.0469093639239 0.516666898651063 58 7.28700673879372 0.0941384000235498 0.543125717040554
"51" 261 39 1.23859721109861 10.1417455311083 0.449571268704753 90 6.99073424727971 2.12488150428816 0.497008518683155 285 19.8841230732906 22.4902402871249 0.518159630847499 60 7.38664402398164 1.05239394442476 0.54454967652965
"52" 262 35 1.10824009344222 8.39429041100459 0.45202285972633 90 7.32398509794883 2.48743927675071 0.495495841689653 280 19.5747068480658 22.6061360808103 0.519721242056084 61 7.58052643930014 1.75534632979904 0.541475561592109
"53" 263 33 1.02488236702539 6.93007219385977 0.454986553617505 90 7.34638100090418 2.5292432982087 0.49438081549858 285 19.7572144010971 21.9335746048311 0.520797281703922 59 7.15315477952377 0.886729607976495 0.539934865333827
"54" 264 34 1.0866240041612 8.98867600441854 0.45793447717207 88 7.10241124690448 2.61721349988553 0.495044085555793 286 19.8714103086376 4.57293939717461 0.519755514177839 59 7.15315477952377 0.886729607976495 0.539934865333827
"55" 265 33 1.10335630291036 9.30969657600492 0.454476805745192 84 6.96416092905484 2.82665368959311 0.494734596115049 284 19.592542945224 4.54425943266913 0.519252074627939 58 6.74253413412463 0.185405039387085 0.537846381316459
"56" 266 34 0.958373432584629 2.34564434736084 0.451323644944443 84 6.76923160468709 2.6786772202305 0.492986200393416 287 19.7011996429754 4.51513020553663 0.519900191036344 63 7.26740313651101 1.30935458219024 0.538812580387864
"57" 267 34 0.99824641253189 2.34564434736084 0.453683562002065 82 6.23183017883909 2.75308214301468 0.493821071736034 280 19.247884803559 4.4280447810328 0.520786650963975 62 6.95738838158913 0.800926742688447 0.539093981725256
"58" 268 35 1.01332944158272 2.26998162647823 0.455705800828397 82 6.23888175718931 2.77881094808959 0.493238766755141 276 18.9884759561666 4.4087651072271 0.521972769421548 61 6.97861602141414 0.800926742688447 0.538086945164529
"59" 269 36 1.03569632883638 3.80197300244925 0.45806053661441 77 5.79413678616146 3.03207797552065 0.492644536652149 269 18.435483328955 4.5161016016192 0.521866925798679 58 6.75173369675686 0.856156173218684 0.538317835248019
"60" 270 39 1.139015212393 4.40344830983931 0.459148983018305 75 5.55231643755858 2.53754405592458 0.48857193505701 261 17.694011167728 5.02517899733563 0.521942165371855 60 6.8894828339752 44.6466470156181 0.537967452792502
"61" 271 36 1.01125218142287 4.11199986499238 0.455942924127348 73 5.23933525520868 2.6514377664801 0.490497229504482 241 16.4811321317667 5.27349542255218 0.523684227646717 53 6.13215874687064 1.07590169341155 0.536606502853536
"62" 272 33 0.929770223178625 5.44383759399634 0.45209419153644 66 4.96075677264332 2.83796366265785 0.489268240416905 219 14.3618618798117 5.96279358165669 0.52384932442468 52 6.06988592692588 0.791361121035539 0.537524578226829
"63" 273 33 0.95494139219456 6.54579526310934 0.452311158094231 62 4.27485847357798 2.85316744793658 0.487753351743965 215 14.1984484232936 6.45041429124071 0.525272610109498 51 5.79309298152032 0.0216666918375018 0.537407087086784
"64" 274 33 0.971375387346782 6.4720461547338 0.454021845615838 58 4.02457498873999 3.17239155698324 0.488954146248612 213 13.9156567995323 6.72185836632605 0.524814112736024 52 5.91056782336189 0.0216666918375018 0.538498655550214
"65" 275 34 1.02410526164519 6.21620462431442 0.460806962477431 51 3.72588112573315 3.09802963311397 0.490394693107843 207 13.6060933557975 7.49071600704292 0.526062246024976 49 5.93548974025873 0.105919873094568 0.537856880795989
"66" 306 40 1.21989078461426 9.56676105884236 0.449237671137829 99 7.6725278679229 2.24926644859858 0.498750028948423 291 20.1543985773786 22.5147515902502 0.515759276553612 64 7.85267439281621 0.0810775111313901 0.544966658442413
"67" 307 37 1.177259175172 8.77853541433793 0.452289981236225 94 7.36307292338564 2.40789900640311 0.496855498227161 284 19.5036613868897 22.2609843626446 0.518308259271771 60 7.27014488083331 1.23472842323842 0.544036850114437
"68" 308 34 1.08889208871904 6.93007219385977 0.453464036271729 92 7.52810522358212 2.46781328462568 0.494519237766398 278 19.4009431355059 22.3018474457092 0.519689622515477 60 7.35025114771921 1.40712114461969 0.540330610002584
"69" 309 33 1.06827380770006 9.36874275375492 0.454840540328376 91 7.34600413358479 2.5292432982087 0.495219027338423 279 19.346060966111 21.878555887092 0.519207039332905 59 7.15315477952377 0.886729607976495 0.539934865333827
"70" 310 34 1.126672222279 9.04568610707372 0.456235106884012 89 7.12873708456543 2.61721349988553 0.495116406924503 285 19.8328169951198 4.6024415868338 0.519360704058124 59 6.95275618623115 0.886729607976495 0.539379039094258
"71" 311 37 1.11706322376868 7.92293662066419 0.454696781836865 86 7.0632017165681 2.77662619066226 0.495326649850928 286 19.7402189439698 4.58764306083112 0.518911309976507 59 6.95018819416812 0.178787002266117 0.539927534571517
"72" 312 37 1.07752761163935 2.19904782565079 0.45267506109191 87 6.86021493289996 2.72833877865074 0.493499653044296 284 19.5149990190185 4.38565653625331 0.519799369179601 61 6.71023422442026 0.827620967444728 0.540220394562795
"73" 313 35 1.0402109139163 3.92078153377579 0.452646298150301 82 6.28838479725208 2.75308214301468 0.494002502314231 277 19.0200644755479 4.5815023683257 0.52143558018865 61 6.97861602141414 0.800926742688447 0.538086945164529
"74" 314 36 1.03072110980674 3.80197300244925 0.454531495514678 82 6.26508490988231 2.75308214301468 0.493370219123761 274 18.6753142586941 4.43999479338958 0.520611650380735 60 6.95662831587989 0.827620967444728 0.537492448363204
"75" 315 36 1.03601840670726 3.80197300244925 0.458255161317766 78 5.92144432534762 2.94461707238063 0.492568076370674 265 18.1896154359068 4.72686308183011 0.520972846671594 59 6.91755815573257 0.886729607976495 0.537981091686509
"76" 316 39 1.12050856904028 4.40344830983931 0.456235478016216 71 5.16335718020991 2.37564845229801 0.488387680192354 256 17.3875182624668 4.73105410521752 0.521217519078709 59 6.86269813049517 45.0588985788416 0.536671522272942
"77" 317 36 1.03377037602602 3.84883564056814 0.457272951520525 72 5.36489712555941 3.17480100972399 0.488675925097673 235 15.8870444674763 4.91227240476291 0.522532115054163 56 6.4105119345188 0.706583143781731 0.537757545917898
"78" 318 32 0.925451500928592 5.33208994530656 0.451233526596725 67 4.98765469799932 2.83796366265785 0.488105124855193 228 14.8320329098662 5.69225204905052 0.523498500346174 53 6.13215874687064 1.07590169341155 0.536606502853536
"79" 319 35 1.00370223798945 5.86530120272751 0.454151263650773 63 4.45468710283927 2.8199922450536 0.486186037026522 219 14.3368232583719 6.29494115447855 0.524110531450146 52 6.06988592692588 0.791361121035539 0.537524578226829
"80" 320 33 0.975197752821789 6.4720461547338 0.456584989929959 59 4.2325204247363 3.21107803938548 0.489336330078951 220 14.5078044195654 6.26957812143278 0.523874789560792 52 5.91056782336189 0.0208040241640017 0.538498655550214
"81" 321 35 1.03684476042506 6.21620462431442 0.460042078929909 52 3.80997010044532 3.08172315783696 0.493492686142788 216 13.9000200282837 7.41168565059528 0.527033391429923 50 5.95747744543522 0.101510711715628 0.538390199418068
"82" 350 39 1.20262427046416 9.993163782706 0.45184134252064 99 7.66322554393829 1.47315348240237 0.499773815904979 289 20.0133606467272 24.2478258929871 0.514643845448156 60 7.17012829033712 0.841822562522817 0.545630211174582
"83" 351 40 1.24467693452821 9.61686084602418 0.450464023044311 101 7.87793333914803 1.93457990673527 0.498801797955036 291 20.35850684682 23.5501321017183 0.513643221154399 63 7.80116172737632 0.79230947060971 0.545467041669242
"84" 352 40 1.24467693452821 9.61686084602418 0.450464023044311 99 7.62200004143465 1.96323886831654 0.498287281850243 292 20.243829664579 22.7715301485109 0.516290528023081 61 7.4990931226783 0.841822562522817 0.543670118325064
"85" 353 38 1.23621314912283 8.54869210990767 0.453056393082517 97 7.69741581579052 2.36556969200628 0.496998899614895 281 19.4209353885248 22.5396521445821 0.51845191376432 60 7.34315448246137 1.08867994250837 0.543027135939759
"86" 354 35 1.18673604338877 9.04568610707372 0.453223088261012 93 7.62864284755645 2.47732416564438 0.494464676362324 276 19.2348207191085 22.3625058504363 0.518287649896045 58 7.21339202621525 1.56946973822966 0.540790084924621
"87" 355 31 1.03553130232349 10.4929798842055 0.449647793055056 93 7.46573048304642 2.51781609637054 0.49526542286395 287 20.2752536341092 21.7197398511267 0.518938242813922 59 6.95275618623115 0.886729607976495 0.539379039094258
"88" 356 33 1.0059787138879 6.94168797619573 0.455111126939092 90 7.20145203441775 2.5724765169815 0.495585206078262 289 20.0229337270966 4.33352977706202 0.517652771550276 59 7.23056863871886 0.886729607976495 0.539353872173796
"89" 357 36 1.09814767982426 8.17851199552433 0.453788847012521 87 7.09797769956494 2.70481947883479 0.496315364906461 280 19.2508643884944 4.24332514941788 0.517674891994283 59 7.03315236061006 0.178787002266117 0.538842433029883
"90" 358 39 1.12936453655788 3.58472311659501 0.452324677893351 86 6.81685773241353 2.72833877865074 0.493731650346856 280 19.2840085561823 4.18438244421837 0.518646537423432 59 6.69360830607629 0.886729607976495 0.536870364517597
"91" 359 39 1.12536656920049 3.58472311659501 0.452345599571244 83 6.340915471345 2.6786772202305 0.494014827462786 276 18.9908084831098 4.37803369431021 0.52045552227517 61 7.02275866766974 0.827620967444728 0.537821833740057
"92" 360 37 1.08421735553775 3.69015320825957 0.453108966584136 84 6.5002923704922 2.65476135219273 0.49267223882388 272 18.5047557261632 4.46916657116018 0.520449965362118 61 7.02559821641946 0.827620967444728 0.537586399837598
"93" 361 36 1.05064150637155 3.80197300244925 0.453973741266507 80 6.18348496393095 2.8620605189494 0.490819311544101 262 17.7635878166153 4.67167627594479 0.521026136197288 60 6.98154039446555 0.677907364262651 0.537004650862927
"94" 362 38 1.1009638446677 4.52925826154901 0.453085683720736 77 5.6120926386557 2.97141310029482 0.48755150906207 250 16.7885848211942 4.74998250852361 0.521325662890024 60 6.967256772971 0.934211109990634 0.536613617708241
"95" 363 38 1.14776610622491 4.52925826154901 0.451338686669219 71 5.26040604792961 2.79373625350515 0.490158425415029 233 15.4793178432648 5.05938182922768 0.523121593909523 59 6.85096155999362 0.638213807286725 0.537816237909901
"96" 364 35 1.02195846998143 4.83221588793407 0.452306987464375 68 4.99622670425241 2.00706539658978 0.489628420394876 229 14.8966467684833 5.66975342435071 0.523034386834565 54 6.23671738934647 1.17705535239816 0.536459921561654
"97" 365 34 1.01043104910483 6.25631461624267 0.454535046051468 63 4.49793822960382 2.8299140981815 0.489386552379758 222 14.6889978592795 5.8486120117826 0.524729783356554 53 6.13215874687064 1.07590169341155 0.536606502853536
"98" 366 34 0.996234293503866 6.25631461624267 0.452784097192517 58 4.09251107897551 4.20083404161018 0.488809184515574 225 14.692545882267 6.45007749146084 0.524579931101884 52 5.91056782336189 0.0208040241640017 0.538498655550214
"99" 367 36 1.05438580567591 5.8394710107196 0.456620200547512 54 3.87729069477142 4.26828725911954 0.490691845181959 227 14.8503310909878 6.99501463847572 0.526812042322983 55 6.62657488602081 0.748299465619431 0.537647470505841
"100" 394 38 1.18022681139166 10.6456298425057 0.456738223107649 105 7.98280030944181 43.2797131490643 0.499909338276107 268 18.450780961217 24.4251516766754 0.514551078007554 59 7.5332062580513 0.176778206104851 0.545747106032544
"101" 395 38 1.20358280834598 10.9318576739415 0.449566731967231 106 8.09137344968421 43.1543406253381 0.499648150791758 285 19.7201849329181 24.6703870145747 0.513801463272555 61 7.56231947009914 0.171581788278238 0.545675176779206
"102" 396 39 1.22097447656999 10.9504699372559 0.448881499438675 100 7.79696285931699 1.78354296801964 0.498900486225603 289 20.1932309374797 24.0402952846196 0.51330505625103 59 7.20787597158463 0.86897490324936 0.544197043069715
"103" 397 39 1.22577117869517 9.91738462246243 0.448270920144384 100 7.70009797347361 1.94880402369656 0.498440471001177 295 20.8024079477554 23.3875691582414 0.514234597054192 60 7.1534647692436 0.841822562522817 0.543847864231277
"104" 398 40 1.24467693452821 9.61686084602418 0.450464023044311 100 7.71629196191405 2.01719266080966 0.497860247995516 294 20.7882010187909 23.1091229525658 0.51688982208974 63 7.80224587479912 0.953192834268829 0.542885770070283
"105" 399 37 1.19620463167926 4.66388644391 0.453227132728613 97 7.69331511733401 2.15247253801248 0.496856308519976 283 20.0833363812602 22.5895897267658 0.516980533390326 59 7.22409640684179 0.706583143781731 0.542129558406152
"106" 400 34 1.16783028755573 9.36874275375492 0.450628376642982 96 7.67789707756639 2.36556969200628 0.49488437822375 282 19.6102237560556 22.1903563210504 0.516551374772106 59 7.26122299804042 0.732749186144018 0.540514062355039
"107" 401 32 0.946118172059993 6.92916893996693 0.45506797310559 95 7.57833204082906 2.49698467489552 0.495074239930868 287 19.9221342030186 22.1506616274116 0.518044256931458 59 7.03572035267309 0.856156173218684 0.538306860674122
"108" 402 36 1.09701433019944 8.45112572870847 0.453074984138057 93 7.360883662022 2.5387970638403 0.495245580890726 287 19.6449015571381 4.16130517457782 0.518312925504998 60 7.33552051069505 0.827620967444728 0.538944527794942
"109" 403 39 1.17627230389241 7.68285066246225 0.45425450023829 90 7.18729507258548 2.70239780175072 0.49567897804607 283 19.4141449547522 4.24831764676521 0.517786993399279 61 7.19277771353758 0.800926742688447 0.538335677309642
"110" 404 40 1.1584794694259 3.48515025224515 0.453146154459025 88 6.90282017436631 2.65897677580369 0.492831112943215 279 19.1740460361101 4.19909348067881 0.519164076428267 60 6.94995328636387 0.856156173218684 0.536873883569998
"111" 405 39 1.12536657339279 3.58472311659501 0.45548167849125 88 6.80662221257658 2.54131428585971 0.492819896204719 277 18.9372465210107 4.37785179710282 0.520170992424514 61 7.02275866766974 0.827620967444728 0.537821833740057
"112" 406 38 1.10628557938922 3.69015320825957 0.455477514175397 85 6.47530944750769 2.63126877385474 0.492862937665299 272 18.4725298086842 4.46624060327031 0.520693586482501 63 7.19453232712863 1.01274914228764 0.536253632739909
"113" 407 38 1.0725404796105 3.69015320825957 0.456777707990926 78 5.88113488759194 2.9153505889685 0.490814359231537 260 17.5378596936351 4.56285398678591 0.52107446744194 61 7.08649226644174 0.655313785453896 0.536606976693051
"114" 408 37 1.08205808883465 4.66246879865339 0.450727521812291 73 5.45785707019878 2.32686387529227 0.488269509752134 248 16.8058421293368 4.5667237164999 0.521001326113077 59 6.82753545032071 0.756982711279578 0.536002420409656
"115" 409 39 1.16486053473388 4.52925826154901 0.450613268963366 72 5.40224542703053 3.35135923736005 0.490359945204296 235 15.6464456504062 4.7040005303277 0.52182152332497 57 6.6844555338633 0.659484267529616 0.535873752723336
"116" 410 36 1.04556637246534 3.11048217980907 0.451059490947138 68 4.97284720323757 3.78090404669893 0.490433549285038 228 14.942375952018 5.47541785957244 0.52307432832881 56 6.42609377030466 1e-04 0.536665247112454
"117" 411 36 1.05993874200105 5.86530120272751 0.45604439888815 64 4.49647308319986 3.90431163867299 0.489498276876071 229 15.021184616723 5.71889451190626 0.523752727244511 56 6.42914819009254 1.16211744847415 0.537220499420003
"118" 412 38 1.16396017567819 5.52028936727295 0.453219742025529 58 4.27640443904559 4.16023188547094 0.487463975574903 231 15.158568966745 6.18194538869635 0.523849616466777 57 7.04738450584197 0.659484267529616 0.538809949546781
"119" 413 42 1.34259150892846 5.03838921981867 0.455359719623453 55 4.05007568798821 4.13378553879486 0.490171963854297 243 15.9309362505247 7.21162613311687 0.526061846305859 55 6.5727172103867 0.275198518285335 0.537561550274467
"120" 437 41 1.2625764630944 9.51505665898976 0.459437913289395 102 7.81647793912047 45.2365357962421 0.49833068410476 253 17.2260183583279 23.1945533247449 0.515152326397597 59 7.46938525613637 0.171581788278238 0.545283425668533
"121" 438 41 1.23763407999657 9.51505665898976 0.459267105473898 102 7.8706699563322 44.9030479056632 0.498923093496223 254 17.2652317174004 23.4804579549693 0.515676786984347 61 7.74903436946741 0.748297833353615 0.545780141316725
"122" 439 36 1.15202331608509 10.5902402466309 0.451084479882429 104 7.92981266245141 43.4359183929316 0.499476200838863 259 17.6286786051528 23.2638367821069 0.516017363908065 62 7.89639453862442 3.28952937529632 0.54770825210059
"123" 440 37 1.1694149843091 11.2962495964063 0.450309578717451 107 8.02241809466725 41.746911937386 0.498678495076148 271 18.6443328302055 24.478898947235 0.513539239973159 62 7.84145388440368 0.769674914306576 0.546442081629052
"124" 441 39 1.22097447656999 10.9504699372559 0.448881499438675 107 8.01735830134395 42.4825410587052 0.49868381054826 287 19.9430820201289 24.5978901706434 0.513473266595853 59 6.98245469900328 0.86897490324936 0.545011881272035
"125" 442 39 1.22097447656999 10.9504699372559 0.448881499438675 104 7.7982126726 42.0788118702887 0.497614071615259 292 20.5446465019636 24.0709149974484 0.511999214201164 61 7.19653258997562 2.90617564592045 0.545195435925497
"126" 443 39 1.22577117869517 9.91738462246243 0.448270920144384 103 7.81351282336349 1.87970104413285 0.498069634777986 292 20.4375552343412 23.0431390214726 0.513261662057787 61 7.40980974953119 0.841822562522817 0.543800857147195
"127" 444 40 1.24467693452821 9.61686084602418 0.450464023044311 101 7.73980893076635 1.96932324031238 0.497843629491284 293 20.7546324501048 23.6595543018779 0.515560928523274 65 7.9533082145812 0.950432528701117 0.542828678427117
"128" 445 37 1.1616091267546 8.83364518023793 0.450103525275139 97 7.68659332817414 2.12082000068877 0.495646089167644 294 20.8941715176065 22.6335842434011 0.516420471445701 62 7.63524787322207 0.674735709187141 0.543004590540795
"129" 446 37 1.26126433952138 8.74416657017126 0.450220828487058 97 7.72370580589355 2.16960359483337 0.49469127622109 288 20.29014882253 22.6052805047345 0.516832321555317 62 7.56100951559514 2.80079188024237 0.540504402075986
"130" 447 36 1.09130623254934 7.50388100241912 0.45542035747449 94 7.53223114681953 2.78136923129851 0.494725676304518 291 20.2282921378497 21.789164607224 0.516640493339385 64 7.91476741282064 1.03301734126876 0.539428901550318
"131" 448 39 1.19238791490315 7.68285066246225 0.453835913477568 94 7.4256448452911 2.51781609637054 0.494698124600054 290 19.9607614624912 4.08279186939711 0.518784889400561 61 7.57782174472686 0.800926742688447 0.538845210486789
"132" 449 40 1.22591576468003 26.3220660628624 0.452459248661443 93 7.39898693952081 2.66607568510111 0.495172466001774 288 19.769177503925 3.8898131000412 0.51872790193414 61 7.01393552509685 0.689750771228636 0.535923639285422
"133" 450 40 1.19154371424029 3.58472311659501 0.45492973681831 90 6.85954944946466 2.94255271121414 0.495562526755849 278 19.0718814015485 3.89695597694202 0.518823284610739 62 7.08674090640272 0.689750771228636 0.536880194952889
"134" 451 40 1.16909380642575 3.48515025224515 0.454150663480456 90 6.94331539422593 2.86590153870794 0.495219054160393 277 18.9679463423438 11.0817995616177 0.518949213782756 62 7.08674090640272 0.689750771228636 0.536880194952889
"135" 452 39 1.15002260336731 3.58472311659501 0.452994656603533 82 6.27628203026073 3.12408185751046 0.494401587037181 273 18.4792336508924 4.01436767640078 0.52077718856461 64 7.43250593495191 1.04432469961387 0.536348952774096
"136" 453 38 1.09288102746046 3.80197300244925 0.45847946089184 74 5.51673683898749 3.20284427095574 0.49219561476105 261 17.5779384551104 4.22490619089733 0.520711703296321 61 7.07994013447616 45.0588985788416 0.535727415433234
"137" 454 37 1.08594286890881 3.92078153377579 0.457988038691211 70 5.37455693084215 3.44134650389925 0.491962479636498 250 16.8899210635711 4.49552729999341 0.521046086020773 61 7.07994013447616 45.0588985788416 0.535727415433234
"138" 455 38 1.08635414476299 2.76332194309878 0.455458582081716 69 5.23708337087514 3.46935378023301 0.494491302650611 241 15.9952433145991 4.6806962178477 0.521594819431158 61 7.12728250751076 0.879263397638244 0.536117653751132
"139" 456 39 1.13077713662404 1.89934284801429 0.458759748841298 63 4.5968706351068 3.74823277706194 0.492040753117784 231 15.1531397055658 5.27593771699424 0.522260942616692 59 6.84784840031983 40.4927199364138 0.537429224273896
"140" 457 46 1.34723618275752 4.46882472588762 0.456116627790363 61 4.39516459332228 3.98249107562831 0.491205189685763 237 15.9901009715898 5.85457212129728 0.524488996418317 58 6.83879297748784 1.0531783126797 0.536984238753434
"141" 458 45 1.33414060739545 4.57781801188488 0.456264052281314 58 4.3095268816725 4.29387407734512 0.490094393971185 249 16.7447485978089 5.80022747820272 0.524444003832895 57 6.92330850593912 0.638213807286725 0.53880252866203
"142" 459 44 1.38397069045434 4.67911818872096 0.454175541196761 55 4.02428073396516 4.45945069141058 0.491494912978332 253 16.9128719172106 7.3457646685223 0.526715505787396 57 6.92330850593912 7.01094357969895 0.53880252866203
"143" 483 42 1.28362001944889 9.26466306270056 0.456303353774424 103 7.78716877328903 44.8655703532554 0.498211821644728 253 17.1464186481826 23.0393646309141 0.513930286797948 59 7.34846040313908 0.171581788278238 0.546020771278548
"144" 484 39 1.20560785790779 9.70396855634632 0.451723430953831 104 7.79778602510414 43.0061267258509 0.498087746333005 253 17.1600758713794 23.2366950540203 0.515868671935589 62 7.85835509260656 3.19815633709364 0.546144315031499
"145" 485 39 1.20188968158395 10.6186405452178 0.449392875924176 108 8.19260979951948 42.0037853505991 0.497812496709614 259 17.6889550904616 23.5651405201839 0.514300236059408 61 7.86047425172061 3.38627729809915 0.547752643584734
"146" 486 39 1.20188968158395 10.9504699372559 0.449392875924176 108 8.02987270702502 42.0255726788236 0.498629954105351 268 18.4020933693206 24.6677093400724 0.513522267048875 61 7.87370899127539 3.48888873137488 0.546843108452508
"147" 487 39 1.22097447656999 10.9504699372559 0.448881499438675 108 8.03768407964103 43.6302633930883 0.498866358169678 287 20.1462217650872 24.3516684916413 0.512723420115195 58 6.8775028270271 0.928897310370005 0.545285722576688
"148" 488 39 1.22097447656999 10.9504699372559 0.448881499438675 107 7.87407815078277 42.9532484950883 0.49788117292891 288 20.1634846840337 24.0846485069135 0.512814193192322 61 7.38390766972363 0.86897490324936 0.545805683985108
"149" 489 38 1.20686542286213 10.2372970296386 0.4457871671208 108 8.09949817887861 1.90141899064643 0.497903381192156 291 20.4604224203365 23.1779955767915 0.514569152039351 63 7.57040935085127 2.73109460577366 0.544762848387669
"150" 490 38 1.20686542286213 10.2372970296386 0.4457871671208 106 7.97952371286317 1.91462259474814 0.498575221677224 294 20.8383104150527 23.3838818767565 0.516665178445504 64 7.66593165793686 2.73109460577366 0.544095746506541
"151" 491 36 1.12208606891914 9.13825018645303 0.448839176574254 103 8.04426088245865 2.01722018182868 0.495992067089527 292 20.960917228331 22.7932917938347 0.516903074808967 64 7.91397056783662 3.03132942543498 0.542172589352283
"152" 492 39 1.34319254312948 8.19766240953556 0.451650128862821 99 7.77245240950057 2.05165714563096 0.494041632559853 294 20.9900676053159 22.6121392840052 0.516262596749487 63 7.70814374322581 40.1023214065245 0.541154472471309
"153" 493 37 1.12944800715154 8.71206992600023 0.454204227663356 99 7.87693651817132 2.67601812405236 0.494116880099976 292 20.6892532447092 21.7504912302512 0.516688122532455 65 8.00890163533968 41.1517029053442 0.538818447415378
"154" 494 41 1.24117403011374 8.52834027127678 0.451539577086904 98 7.68154601645182 2.77305334709379 0.494067507328969 296 20.4984234893369 3.80366743626155 0.518384424743411 65 8.07641951615025 41.9505472734068 0.537050692897723
"155" 495 44 1.30653807808784 11.0107072332897 0.453049134716897 96 7.61017090349864 2.74615896799129 0.496378742422861 291 20.0151305485028 11.0355467936104 0.518866796261777 66 7.80862455879535 40.7852570713677 0.536549652971788
"156" 496 43 1.26237838586839 1.15929686583694 0.458839153507932 93 7.15700952543796 2.93500375565529 0.495597354813655 287 19.6893324131296 10.4827540895522 0.51829872061699 65 7.49913050503496 0.905144133968436 0.53674225815299
"157" 497 42 1.21718024932472 2.72192674155463 0.460761343836575 92 7.08672360924447 2.81930313970456 0.495595717356524 279 19.1410312353169 3.85560641480151 0.519284541617096 65 7.60929141295054 42.7963824866495 0.53624397514057
"158" 498 42 1.21391791953099 2.72192674155463 0.457448610271632 82 6.09071035496261 2.97502881244992 0.493891884999332 277 18.9621258045458 3.98445034175427 0.521184492043142 66 7.70326644417874 46.8055240450097 0.535971986290449
"159" 499 39 1.09803173837482 2.8820341969402 0.460349691142203 76 5.70585025567968 3.14065506181097 0.492554493497512 262 17.7467998672958 4.19306111789351 0.520109170430488 64 7.7645293843606 0.144217171355811 0.534942441534586
"160" 500 36 1.03865018610188 3.16093105470861 0.46120839383625 72 5.59539140636892 3.33624167741177 0.492983067150278 254 17.2248417286229 4.30591975166203 0.521987343399955 64 7.7645293843606 0.144217171355811 0.534942441534586
"161" 501 40 1.15840929052731 1.84658610223611 0.461582854195669 66 4.88418265414492 3.57977737135129 0.493824201822172 243 16.301531931087 4.49881111733268 0.522234905630499 64 8.03414867508637 41.1517029053442 0.535079514427164
"162" 502 46 1.32900663687018 1.71514523719768 0.462490840310371 63 4.54282610492263 3.74823277706194 0.493427336135393 243 16.3408524987711 5.33460593342509 0.52186990765312 63 7.64414991558393 39.6829555288983 0.535904928203448
"163" 503 55 1.77320403837442 3.8335617264702 0.464261556443856 63 4.55833712106888 4.08694520614777 0.491408514844279 249 16.7560247602281 5.36297383548431 0.522584180192652 63 7.6523528593944 39.3264136363807 0.537802224863297
"164" 504 62 2.00621877633164 4.18452503466097 0.461179505498732 58 4.30450127087644 4.32709367954296 0.490121284143501 266 18.0656135682468 6.4175846533285 0.522917930502267 59 7.0925095138238 5.2327553654686 0.538491706822728
"165" 505 57 1.73432207037431 4.62309443045143 0.459606133110123 53 3.97105793150507 4.56748221729534 0.489092420444534 270 18.3239057987204 7.22963806305537 0.525509730300788 58 6.9985344825956 0.764153871440482 0.538747061909379
"166" 529 44 1.36978990952839 9.02711016365695 0.458677537689022 104 7.80125250948526 44.0447960445795 0.497801998868363 248 16.921312461693 23.0858352558935 0.514609551870416 60 7.45778112627823 0.79230947060971 0.54640596682635
"167" 532 39 1.21619691793869 10.9504699372559 0.449053481368323 110 8.15809120182414 43.4178051267475 0.498809089080316 275 18.7110028152771 24.3016054323273 0.51439590197619 59 7.44192155913221 3.25336342157045 0.547478587331761
"168" 533 40 1.25036474197557 10.306330529182 0.448379403166106 109 8.07580115836842 44.2286079596081 0.498779161384801 285 19.899101002968 23.8895814457059 0.513980507202558 61 7.52993219584362 0.841822562522817 0.546444967871632
"169" 534 39 1.2269775684614 10.6186405452178 0.445628214232484 108 7.97242739587833 43.6571999435427 0.498010598341393 290 20.3415529808258 23.4281364271568 0.514689429356286 61 7.38390766972363 0.86897490324936 0.545805683985108
"170" 535 39 1.23177427058658 9.61686084602418 0.445036422661919 108 8.08893863150542 1.88399215574298 0.497549420084423 297 20.7232824616366 23.0202076879837 0.515521522207663 66 7.72740923719905 0.798487129689727 0.545971568602595
"171" 536 39 1.23177427058658 9.61686084602418 0.445036422661919 110 8.31397665049364 1.9486106518345 0.497368308513981 296 21.1756842264778 23.0118760809089 0.516262129190775 67 8.09638413698541 2.60073839333255 0.541575095833196
"172" 537 38 1.14987933312188 8.28154860647306 0.446591770461094 106 8.13432105520675 1.97548666082532 0.497209498459535 299 21.4580489266001 22.4127645244794 0.515568941583007 66 7.99163547055767 2.74934630152298 0.541586885971317
"173" 538 42 1.35065558341859 7.49501420300394 0.452715938108901 103 7.94920897317112 2.00737893385475 0.494751444309263 305 21.7139969781499 22.1140614680346 0.514628455904221 65 8.00141593226583 0.148455911689805 0.540182234981536
"174" 539 40 1.1925575766449 8.09162200361785 0.452519790121816 101 7.98873345511795 2.65589843890911 0.494201628583367 300 21.269366051856 21.4464295198685 0.515715031336799 68 8.63084313775364 0.136427053985226 0.538064857180764
"175" 540 47 1.40089047457092 11.9532649970107 0.454126350731704 100 7.86684449828406 3.00865868219932 0.494658473535383 307 21.4328974941779 10.3736109205381 0.51782066690548 69 8.42950036040923 41.9442497911199 0.535988198637865
"176" 541 51 1.51036854449761 14.0148764221965 0.458153127017644 99 7.77302686973212 3.07065559378056 0.496580601363015 302 20.4762353999856 10.8924272957897 0.517738290312463 72 8.73384652433847 0.117404674359381 0.537652275433683
"177" 542 50 1.46682802441752 0.997548465952716 0.460903737405834 95 7.29353965401049 3.13110908763862 0.495683584270625 296 20.1667772131497 3.66036173710457 0.518583573003278 70 8.2386965168871 47.297825741026 0.538002910004276
"178" 543 52 1.51151436890264 0.953217423021484 0.46042973321544 90 7.02161473445081 3.35346906083857 0.494885790822828 290 19.7214342226409 10.9949455602107 0.519436537673554 68 8.08996618102531 43.8046774110959 0.536315623061479
"179" 544 52 1.53839794234073 1.33856212475593 0.461997381100869 82 6.21774675908039 3.55937768738128 0.494232178392529 285 19.3249345118416 3.90322388737497 0.520349383455676 68 8.05857243057012 44.9885849086931 0.536356930409673
"180" 545 52 1.49982900197811 13.4786512839845 0.464698510377265 79 5.97798713207552 3.48420801932873 0.492782088041398 270 18.1997205981089 11.4882852560633 0.52065944423816 65 8.01880434342956 0.140213916595927 0.535858205256858
"181" 546 48 1.36112244264125 14.7623228348401 0.465618305675989 71 5.2866934390363 3.75357701162598 0.49311135450017 266 17.8366876113585 4.06698092887228 0.521099517700527 66 8.36190399642032 46.3923802238744 0.534806612094875
"182" 547 49 1.41998228481519 13.7781746458508 0.465478284604364 70 5.06505305680889 3.85167288632159 0.492598922057041 259 17.0703517819091 4.66847733017416 0.522724877005779 64 8.17864676494078 40.039497421416 0.534733317364706
"183" 548 52 1.49978230855755 10.8831579635321 0.455983679234136 70 5.11249323726143 3.93010781100294 0.494764094256572 255 16.6963011491043 5.21956351652819 0.522144948021444 66 8.10738978597469 3.10010101942533 0.536856251987218
"184" 549 62 1.95230774852294 2.44671302998328 0.45909404781541 63 4.68584884869508 1.08808466051045 0.492734045601178 262 17.5382244429383 6.33861655549363 0.523759071175472 65 8.02784378326329 4.83008160566972 0.53684663659401
"185" 550 64 2.01252958888156 4.76570349710576 0.463256968437289 59 4.3112819302301 4.45968149400358 0.490008296311111 273 18.2374154178328 6.94097683619971 0.523322623976081 61 7.3341282886624 4.76349141544164 0.53823166434396
"186" 551 45 1.4193565738578 5.46997483883218 0.455108689190806 52 3.79097527854313 4.56213667424366 0.490941764878922 260 17.1175521595434 6.95253000578765 0.523129750609713 56 6.87401830021557 7.35510139149283 0.536749628796099
"187" 575 44 1.54418616567236 8.49098498680303 0.457090426994807 106 7.92628187274436 42.6220663479648 0.497425953461418 246 16.9744335424153 23.3700104090978 0.5151593986279 59 7.42186083937442 0.816315818203944 0.5464401018656
"188" 578 39 1.21619691793869 10.306330529182 0.449053481368323 113 8.24647236396897 42.5442356051945 0.497578648939752 272 18.5141444071485 24.1419665093566 0.515248591438735 58 7.21378693534309 3.26741388839208 0.548409403532445
"189" 579 40 1.25036474197557 10.306330529182 0.448379403166106 111 8.15109704521049 44.0390610511994 0.497620549836936 288 20.1431465609459 24.0642695834755 0.514915823500985 61 7.52993219584362 0.86897490324936 0.546444967871632
"190" 580 40 1.26019056064919 10.306330529182 0.44765549848484 112 8.2013566595675 43.5043652918077 0.496875037031837 292 20.5590686022357 23.8881869394048 0.515041029481703 60 7.1039630737196 0.897937400024338 0.545390108146045
"191" 581 42 1.3169005927739 9.73376216644966 0.44679704112657 111 8.19968764179448 42.0940077874124 0.496625952422217 301 21.1621727744355 23.7126839897832 0.516370380454622 67 7.80284937636229 43.8001717552369 0.545229232036741
"192" 582 40 1.20956290633792 7.79440457079817 0.445251624995916 111 8.40971291986964 40.6907046857331 0.496524974538325 300 21.3989946863511 22.3539934616593 0.516058628914062 71 8.54189019134277 41.0692806121933 0.543263091437754
"193" 584 50 1.53743274292315 6.08564104900306 0.452056729734558 104 8.01128011244739 2.07348164379298 0.494493735257376 313 22.1594338150244 21.7033695429287 0.513567314787255 70 8.85672085551589 40.3428415929298 0.540368904815178
"194" 585 50 1.53944229601204 5.67973636805995 0.457321081113213 107 8.27007047496843 2.79738469287343 0.49515969504277 308 21.5708901043655 21.8980618168586 0.514741031098664 72 9.21511091161416 0.355333625560977 0.537439574067952
"195" 587 59 1.83478793097064 13.089772828743 0.457461143696372 101 7.8116309953363 2.79490843652181 0.495655437962208 307 20.8752641285003 11.4425592651699 0.516702481593764 74 8.95171906253665 0.112191133276742 0.537800856732746
"196" 588 68 2.08699724725046 0.691878774773658 0.460566035242213 100 7.6139639708404 3.097890252381 0.494791919231452 310 20.9722440215271 11.9595587204178 0.51783327386102 72 8.66946606386215 44.6726194415539 0.538229869100879
"197" 589 71 2.14125369980716 15.1461039614068 0.46373457688809 97 7.29881191068299 2.78402282305245 0.492839446403345 314 21.0673786193099 12.3449797582258 0.518010039418641 71 8.4431159752431 44.93501258858 0.537815009436876
"198" 590 79 2.38721766060117 12.5661030636606 0.46511559072765 89 6.66899097938388 3.37000230176222 0.494549849338986 304 20.5492535212629 12.5945107016387 0.519333625432435 69 8.59528690464017 0.129435923011625 0.537725389218296
"199" 591 73 2.20839424543108 11.7953700305059 0.46385948382695 84 6.1108214616621 3.62853667624213 0.493930555475053 290 19.6843133286328 13.118710387423 0.520882835059404 67 8.38425110145702 45.3663197019478 0.536652250849914
"200" 592 67 1.93921693897348 12.9368477753936 0.465896904990846 75 5.4328316037552 3.63166376036798 0.493113782694616 282 19.2553484517993 13.0551927066709 0.521666941012978 64 8.23418579312295 1e-04 0.535551105458014
"201" 593 63 1.85453916559547 12.8137012783619 0.467142126106865 71 5.14904460235073 3.78695754960294 0.493636268085968 269 18.0975883060537 5.44038227032741 0.523695008742877 64 8.18769082405934 41.1517029053442 0.535041866524596
"202" 594 63 1.84296683483689 14.3829634957439 0.46224992570403 70 5.05245655947571 3.95440746895707 0.494386116158166 266 17.704848191131 5.82789382243074 0.523769551750125 64 7.98509049913739 38.9858290682208 0.535846517938797
"203" 595 59 1.78263903684864 2.57326197981 0.457857390402828 62 4.54898827719587 0.960111662196477 0.490991413708335 260 16.9685193912339 6.58844593480504 0.524398582127611 64 7.93232919990602 38.9858290682208 0.537203403554884
"204" 620 46 1.6411371465768 8.18738828796793 0.458999251149703 104 7.61151996726299 44.2913999413819 0.496098257746467 251 17.2549371583949 23.1751082951136 0.514753062074136 63 7.74807493391468 0.708919000019214 0.546827874735959
"205" 621 44 1.53815935017533 9.88433689064053 0.456511034947222 107 8.032102818119 42.8835543651149 0.496674314600337 251 17.1946480010395 22.8757386339725 0.513950129398824 60 7.21793641477531 0.79230947060971 0.546748713905192
"206" 625 43 1.5098646781709 9.47069021600508 0.446818773585899 112 8.17742288287143 44.4317326095982 0.497717567076011 291 20.1032403817418 23.9916024603779 0.514805516295155 61 6.97209436865561 47.8406148194202 0.545594083760699
"207" 626 44 1.56472507506728 9.22146415768916 0.44822966409632 113 8.33293065398814 43.3335297590525 0.497458283591078 297 20.7305149644116 23.7044311260015 0.514923291077222 62 7.20654417692413 0.157728156170418 0.545576413337134
"208" 627 43 1.54964204601644 9.47069021600508 0.448386294006192 112 8.26474099074595 41.366416462493 0.497061428661595 305 21.4979828001691 23.0241660645257 0.516459203128755 70 8.3848104080545 2.59430415549883 0.544589368502402
"209" 628 47 1.6970568316628 6.46366964407653 0.450661488042474 112 8.50338902338898 39.2754587601317 0.496751454128844 307 21.8118903639845 21.9603934164391 0.515663143004449 72 8.48531783267446 2.46775761132816 0.544065251330684
"210" 632 74 2.36460568361729 43.8462973313999 0.458371735790783 111 8.40213839833474 2.85072992968731 0.495482666276253 326 22.3719655520774 11.3923475922529 0.515678897805236 76 9.0997084840484 0.105185437446945 0.538834744057228
"211" 633 75 2.29878329105018 45.7841696878659 0.45830760642454 109 8.00665180003871 3.11787264321879 0.496509392490625 328 22.1239864464156 12.933085343516 0.51730125137783 77 9.34304123025521 0.103040836682722 0.539282463549733
"212" 634 85 2.60332145118532 11.474680206878 0.466585966513415 103 7.70746175198617 3.18053293482375 0.495048446955755 337 22.6454910319137 13.116219846738 0.517317201486301 76 8.89456494045429 0.103040836682722 0.538526966194453
"213" 635 82 2.53256438022084 12.5378510788294 0.465710535387072 95 6.9743227625456 2.95280768040266 0.491453854893576 336 22.6727626062377 13.346019822284 0.517608408079498 73 8.54249660677909 0.112191133276742 0.538521062137232
"214" 636 81 2.51287970692334 12.7836415675243 0.466895886288141 88 6.42214389686281 3.07373642662318 0.492361246684237 317 21.3065831168392 13.2007449859168 0.518973747966944 67 8.45957194578858 1e-04 0.537426588620599
"215" 637 74 2.32288282226399 12.4812649623087 0.464821414543777 82 5.7740985110765 3.58868334318122 0.492523970775307 295 19.7897992219391 13.6765935337967 0.521691586355617 65 8.29442174344828 1e-04 0.536630126583642
"216" 638 64 1.97460309228352 12.2247961800427 0.465024671422507 77 5.47147674287143 3.33372201363817 0.492149574113635 285 19.4064228915785 13.6649264958657 0.522713416280283 63 8.16521589258338 1e-04 0.535468660160267
"217" 639 64 1.97334177411734 14.463414238983 0.462398258797054 70 5.15710724068827 3.63436794257776 0.492278139841888 269 18.2210972513253 5.8004237575178 0.523744484769197 62 8.00035340062203 43.572385429188 0.535659256381832
"218" 640 57 1.77618523708576 15.5458288935878 0.461840325946571 66 4.49511721133157 3.88296835407621 0.492087803205043 260 17.105364054478 5.90475526060948 0.524287479224931 62 7.79775307570009 42.327462988354 0.536490850231792
"219" 641 47 1.52313508446564 2.65647120089244 0.457175668414847 57 3.82077533905363 1.19047640349063 0.49151825247038 244 15.8877737077805 6.51722032943026 0.524960018913165 61 7.80403552666237 41.9505472734068 0.534679951970133
"220" 666 48 1.65232673697289 8.86504505513307 0.463960906547235 106 7.72292143718939 43.3684636648524 0.496138914255989 248 16.9688229664976 23.2258719267357 0.5132196669804 64 7.49766858406929 0.690744153864876 0.547087550369687
"221" 667 46 1.61231113659199 9.41365894346717 0.461149951664722 108 7.7971285693292 41.8501192146079 0.496260286640036 251 17.2247908883922 23.147460164649 0.513323397468771 62 7.31344391483538 4.68776592788015 0.547401736806227
"222" 674 49 1.72502506247177 6.01410853563423 0.45347642432993 112 8.44853841950966 38.9096419699524 0.497017298390912 311 22.0609078182829 22.0377537287879 0.515416116483957 75 9.08798041657133 0.365968774181821 0.541948401773561
"223" 676 62 2.08119355921681 10.9268117757923 0.460238353237912 110 8.41641252484277 2.61495342239319 0.494988435047282 333 23.1687360062788 21.3542191342243 0.513511719140383 77 9.82264373336102 0.316721274956523 0.540028120126553
"224" 677 80 2.68157104259606 44.7711375326683 0.460778783259462 117 8.86120198785073 2.68266977152937 0.496734885059912 343 24.0692653169256 11.5564884628151 0.512616473735806 78 9.44603153121253 0.297336298938777 0.540248578450645
"225" 678 89 2.91942028929995 56.1952640559742 0.460652116931239 120 8.93338568864131 2.75186674323941 0.495755331500705 349 23.8727995306324 12.864757073877 0.515352700200414 79 9.25848306582133 0.280188050923078 0.539303069408776
"226" 679 92 2.95489856721084 52.8138293830985 0.459859356576738 108 7.70634528043645 2.3866391275842 0.495991533443668 349 23.8769068581831 14.0822792702096 0.516845242394819 78 9.27776321751257 0.285679973490197 0.53936198440484
"227" 680 78 2.4184703257481 12.0662853066472 0.465810009234997 101 7.25865446604372 2.84685304630985 0.493191332907876 338 22.6947609915579 14.2088676366325 0.516761491129265 75 8.85782562086227 1e-04 0.539223967532972
"228" 681 66 2.13758525579451 14.0015105592588 0.462571618366848 89 6.41814467504849 3.16421223468124 0.491832847756748 317 21.4678140049832 14.0421878543812 0.517537814847791 69 8.19033057689751 0.169455565674419 0.5376133944151
"229" 722 71 2.3110260818401 44.7062699316786 0.460014135444807 120 9.0237985214929 2.58235972835927 0.496294269541383 347 24.141036277616 20.8997371037872 0.513609751070061 79 9.4935321935538 0.297336298938777 0.541694396555122
"230" 723 89 2.92482627361995 57.5483461602835 0.459657502790826 123 8.92177898672274 2.54095383629244 0.496192134354589 366 25.0349474639834 11.7967313870018 0.512714014781911 80 9.5258157750125 0.274903370716983 0.540299150323354
"231" 724 99 3.16194325132567 10.834666069079 0.461771526500788 117 8.48193396177409 2.96839039320145 0.495872198552676 356 24.277567967727 13.4426093819228 0.516171166313585 81 9.37491462043525 0.269814419407409 0.540467990704297
"232" 725 91 3.03473649370213 10.9076424446113 0.462705516660587 106 7.56852677050785 2.40431719519594 0.49599282185913 343 23.3953181331567 14.0567970303013 0.51610576901213 75 8.67313673325938 0.151814360916667 0.539632039746446
"233" 726 70 2.35422914381626 54.8272222048812 0.458973819203986 96 6.99467364079197 3.01154123907158 0.491248469619882 321 21.7171047889894 14.5087613892847 0.51699224308602 70 8.19919407972634 0.161928651644445 0.53872099465564
"234" 765 50 1.76003051195146 7.681778206402 0.454165383386693 123 8.93137492598353 41.2426748288943 0.497188670973519 313 22.2145109551979 21.744857114899 0.515290592694916 76 9.53391895040336 0.365968774181821 0.541524054346878
"235" 766 57 1.88311352329066 4.95281291169878 0.461546422541683 121 8.82855366346117 40.2632216645688 0.497916216678279 324 22.9912777428632 21.3952435768054 0.514644204947084 80 9.86566239188303 0.297336298938777 0.540850742581765
"236" 767 65 2.19766948050648 12.4036682171981 0.461614641264189 123 9.03391694806564 2.53995653654241 0.499083453520578 340 23.8310671135914 20.3651932695722 0.512525414591587 80 9.99585342037965 0.291391572960001 0.540443614927243
"237" 768 81 2.65426640831131 52.9961360125439 0.458724182558552 125 9.01707670178722 2.38989506555844 0.497060817848024 363 25.0303846919554 20.4286565480584 0.512685401660697 82 9.62488158950456 0.280188050923078 0.541350178168273
"238" 769 95 3.10378801654747 62.3366800420039 0.462738620856513 127 9.16677983262187 2.43006349329215 0.496327948315048 372 25.5991100234586 12.7563566198239 0.514357833016573 81 9.84635064080152 0.274903370716983 0.539606862323403
"239" 770 94 2.95105761345704 10.6478608904502 0.465091226036928 117 8.54947465409779 2.3563373688776 0.496431111244098 349 23.9378384504752 13.7437432277113 0.516163246359816 76 8.79632241538829 1e-04 0.540200520375786
"240" 771 81 2.56646713341735 9.73605949252119 0.462499812942015 100 7.14085916724419 2.5057478050504 0.494698657081311 323 21.7165529731209 14.1908081959725 0.517676208973296 72 8.21723687696375 0.155042326042554 0.539490335287371
"241" 809 49 1.72261635142154 7.51107424625973 0.458211762473542 115 8.27713462473559 44.9824942293379 0.496502015263137 293 20.407144845957 22.714492869853 0.515167404404122 78 9.30803743304365 0.350061436173915 0.541272734525394
"242" 810 54 1.81501713027131 6.89793349146302 0.462644172757385 122 8.67441257032202 44.1257243670987 0.497269021679107 303 21.2872020397127 22.0827405269857 0.515004753096406 75 9.33847898872229 0.117404674359381 0.54104648953108
"243" 811 57 1.81905556569262 5.86423675015957 0.461179448354091 124 8.9911388002462 41.9740336224636 0.497649492682225 312 22.0007628979569 21.7499293069552 0.514610178172139 78 9.73386125681912 0.105185437446945 0.54050789182327
"244" 813 67 2.20641022638408 50.3045631469021 0.464394546390254 127 9.15141211441247 2.39883130629121 0.498886223121798 349 24.3635090477342 20.2635800887479 0.512670358815677 78 9.31993892192924 0.297336298938777 0.541353795822516
"245" 814 91 2.87008545677747 59.1696604674139 0.461124667478307 124 9.04601123122673 2.47591186109011 0.496799223905272 371 25.4696667443265 12.3383860875862 0.513429159932019 82 9.72091337081281 0.269814419407409 0.540883986114554
"246" 815 114 3.73292675534154 62.1867518974226 0.468049332752366 125 9.0732091866436 2.47591186109011 0.496093200241215 367 25.295347326519 13.6710662264842 0.51510648667111 78 9.2214193688414 1e-04 0.540982171725329
"247" 816 100 3.15170124516587 10.9006583625749 0.467749763313847 113 8.15389345779426 2.38929173767309 0.494290323689005 338 23.1032943183369 13.5652697360991 0.517961854860489 75 8.92597263985134 0.151814360916667 0.540018425202507
"248" 856 59 1.97382908426594 6.25924520521644 0.461581731704962 122 8.7020937457957 41.909331519255 0.497003081451999 299 20.9483012740036 22.4622003510642 0.515588266476283 80 10.0256918022831 0.105185437446945 0.54068879347361
"249" 857 69 2.22987005500814 8.44062513617461 0.463234669817689 121 8.70721826425036 42.7330995792004 0.49678995009734 311 21.8743415732413 22.4541558303901 0.515111238056718 81 10.093993249412 0.315751491450983 0.540056827279573
"250" 858 67 2.2343654849667 10.8232710847642 0.46592236877024 122 8.67295637290489 42.5331899793536 0.498369146225895 328 23.4194356958692 21.2583912301031 0.513922903821021 80 10.2893674659104 0.291391572960001 0.53937241552209
"251" 859 83 2.65908736540293 9.94273860756401 0.461542731141298 122 8.69710707617827 42.4208903488954 0.498832272662548 362 25.4716510588919 12.2348343341841 0.511325403859338 82 9.80584603373671 0.26018176157143 0.541244438160093
"252" 860 105 3.36457736595364 61.0613796374119 0.463245878955571 123 8.75259594084054 2.34220024405856 0.496301073165357 379 25.680319756179 13.0497247629577 0.51273421577645 79 9.23762272032542 1e-04 0.541096598148069
"253" 861 126 4.082926505153 67.5698189476945 0.471941651265622 122 8.66330758587792 2.37222717026444 0.49617694733847 358 24.6313480275203 13.6057708095 0.516093445278841 79 9.32296084961965 1e-04 0.541456891860095
"254" 902 61 2.01646066414438 6.03570430503014 0.46057088576451 122 8.65563105365353 40.6906361911404 0.497587557919384 297 20.873125194848 21.9971687853772 0.515513861578112 81 10.044885483644 0.328635225795921 0.540362347933595
"255" 903 70 2.28592442404534 10.8716907067586 0.463296579410575 123 8.7006529055169 42.8028100304307 0.498353754840556 311 21.7744268264317 21.9060718939238 0.514747066078755 80 10.0584470668074 0.322064521280002 0.539100364957944
"256" 904 71 2.34214229353711 10.7446959829744 0.466384856392732 120 8.42714510837659 42.1718306019215 0.498439897028614 327 23.2117305780655 21.1018680909713 0.512562082101929 83 10.0447576183386 0.264910520872729 0.541735142262908
"257" 905 96 3.08434697363278 8.19146692670052 0.465856999236849 120 8.49047330500493 42.8850882876922 0.498229887253985 373 26.0285621476917 12.5593951111474 0.509529920962667 82 9.73549389571713 1e-04 0.54101462367612
"258" 906 116 3.81620342957301 62.7511463509285 0.467662825369532 119 8.41167948806308 42.0166177976139 0.49632639441909 368 24.9049886259731 13.1350858819322 0.513415590229947 80 9.45844035967991 1e-04 0.540876148207333
"259" 907 116 3.83100508218552 68.6702884567841 0.471392082156501 110 7.81056070874593 44.0798553832057 0.494034010623755 343 23.7912219708814 13.8353393051302 0.515527683466861 77 9.26574232481531 48.0361906929198 0.542093550215515
"260" 946 52 1.73305455676196 8.14800380244939 0.45822675935522 117 8.29480894922729 42.3085046944802 0.496527992981976 286 19.9267601183915 22.8777228652056 0.51310915492766 77 9.31126785140236 0.335479709666669 0.541311346139249
"261" 947 62 2.04269931951266 6.71854699500213 0.462225958840195 117 8.36482535166757 41.185583960736 0.496102018708826 290 20.4385202975276 22.493831825613 0.513326852644817 79 9.70319455574203 0.107421297818157 0.540619173116689
"262" 948 64 2.06665811259743 8.15310508792205 0.461790541123802 122 8.68588050990225 41.4363613821801 0.49679571114551 306 21.5076092941821 22.0587042962224 0.514347006423243 80 9.9450796617685 0.335479709666669 0.538642198898193
"263" 949 69 2.28464530920598 11.0415593115517 0.464698916143282 121 8.54129234785005 41.0480158936664 0.497969756740009 311 21.8786725091332 21.5220946495581 0.514180829279492 81 9.94197259009968 0.315751491450983 0.541564867759477
"264" 950 77 2.49026920679528 10.7404839181817 0.464527679840491 121 8.4909310282474 41.8644777219069 0.498369109888288 341 23.5766830637113 11.1068326639998 0.510998523065713 77 9.13184382679829 1e-04 0.541242770995663
"265" 951 110 3.66294013692933 63.4788323261453 0.466625602945318 120 8.54387506874522 41.9367337431006 0.498255364369311 372 25.6560680754939 13.2281851557749 0.51094692560318 83 9.85308593954729 44.8857807949972 0.541891139507802
"266" 952 120 3.9730779584761 65.1065868211758 0.469422479332699 114 8.19390316318888 43.0273025003615 0.496936593321019 362 24.9229356517652 13.9716004211449 0.513620365442913 78 9.35194062366631 45.8074085541267 0.542250367555976
"267" 953 104 3.54557992230499 71.7408574543414 0.467960957994218 104 7.38453979305109 41.4428974681114 0.494710125202058 341 23.6561802664167 14.4371383698138 0.516339687511089 74 9.04997960053756 48.9969125067781 0.540642122870034
"268" 991 51 1.73945727759398 8.51013286033603 0.455877841067093 115 8.1361471773738 39.9265088783365 0.494822487051075 282 19.5054918945885 22.774196041493 0.513624126085488 80 10.2910230750541 0.322064521280002 0.541583563775708
"269" 993 64 2.06886811001472 8.15310508792205 0.464601019669119 117 8.35415410659474 40.5200098113924 0.496436739920684 296 20.8700108292936 10.1104390180601 0.512321111868942 79 10.0885874080004 0.335479709666669 0.540679795757751
"270" 994 68 2.2505508407703 9.64339283306509 0.463067777953255 116 8.21125487252215 41.6217363146504 0.497713822335743 307 21.6171138881233 21.4118362218991 0.513147537341087 78 9.68903146004666 0.350061436173915 0.540560232717057
"271" 995 73 2.38465673548707 11.335654458413 0.465186799830611 116 8.18657260601248 43.337394131709 0.498245727504294 317 22.1225761713455 10.388003108464 0.512670629537434 77 9.0799063016285 0.100982019949067 0.540243068358137
"272" 996 96 3.19455292542181 9.69493742642772 0.470600507177184 116 8.13638654855955 43.7557867822193 0.498931199454181 351 24.4115646109129 12.6182703668104 0.509271716428422 81 9.57527571600616 1e-04 0.542494760250204
"273" 997 129 4.33516183873597 67.2147082514851 0.471852611891189 117 8.39922164649179 44.1516549901243 0.498905460601771 366 25.3105202961937 13.4581918641027 0.511195039441627 81 9.6369120862942 43.8337724374693 0.542489229899759
"274" 998 124 4.21221030767369 68.5260987036164 0.469675506265566 109 7.82268673791643 42.7930688746817 0.495788377826633 358 24.8125992395481 13.743762802935 0.513139944207092 77 9.29134609330312 46.9942796346712 0.541183773168364
"275" 1038 64 2.07556771334988 7.97017762175065 0.463769871059861 115 8.24879221886308 41.2329543760175 0.496065430397462 304 21.3814682150607 10.2534281755891 0.511996595009517 78 10.4564808872508 0.335479709666669 0.540746555012815
"276" 1039 67 2.12618296042909 8.56434091170701 0.46399447126534 114 8.11619658609039 44.1410134318331 0.499102058202638 304 21.4390074027477 21.4624720909694 0.512734332627303 78 10.1438494546401 0.105185437446945 0.540198219980868
"277" 1040 69 2.2740883009907 10.1951794705708 0.463696573973097 114 8.02453094964868 42.9076831137783 0.498769422605798 312 21.7283978835748 10.57351434056 0.512789338444458 76 9.60671163827506 47.7666294901469 0.540404618247885
"278" 1041 81 2.61441138552379 10.1907247058103 0.463235033813894 115 7.97950125035067 42.709285579793 0.498985371021691 321 22.2496653440061 10.5667812050499 0.512605359892211 79 9.9222034106904 0.091810927226425 0.540732222123021
"279" 1042 112 3.54419394136967 63.1501416541703 0.46880833373385 113 7.8464502468006 42.8343213853692 0.498638711752179 369 25.2754642329217 12.9891826503095 0.509269131620324 81 9.64953559870286 1e-04 0.54234333228935
"280" 1043 142 4.64096814442106 68.9566216014959 0.475030490809916 112 7.86606518456938 43.7641844668334 0.497765332330277 366 25.017417409716 13.6575918844151 0.511016144729201 78 9.46571021760524 48.7447428667546 0.541760886107942
"281" 1084 79 2.43872229571959 7.04958516966888 0.464770192269473 119 8.4505020816676 41.4701569201863 0.498422021981055 315 22.0211535486623 11.2814742726539 0.51264815953098 80 10.7561014157014 49.899804463642 0.540566600312722
"282" 1085 77 2.45102445110303 8.93825186461006 0.463247870066142 115 8.16921231916065 41.228575544882 0.500150235805569 319 22.3267329886685 11.3377337759721 0.511901038206826 77 9.929922630104 0.105185437446945 0.539985617524433
"283" 1086 76 2.45738596027178 9.9488597540818 0.463449154076228 115 8.11086626922511 40.5419826488036 0.500273402707097 317 22.0181809298918 10.4248177307291 0.512331991969023 75 9.39061812163444 2.59522012182153 0.540933121420524
"284" 1087 83 2.63771523180655 9.17088421940779 0.461968128964004 114 7.9313996900298 42.528362661188 0.499093894224798 329 22.4743433432313 11.6831598801927 0.510832469885176 77 9.65183104913235 0.0990039411265367 0.541040160312931
"285" 1088 111 3.5977082409758 70.0709775562272 0.467678630175712 109 7.78797723028799 43.2164074127183 0.497777107470658 358 24.075041462467 12.980689286471 0.510712470127238 80 10.1215403100366 47.6647917978884 0.541721148840833
"286" 1089 130 4.14142762458077 70.8390309142526 0.471944274952606 102 7.10522950748496 42.2221286512792 0.494880352501385 360 24.5282321431142 13.6659430049 0.511924359399972 76 9.20370153375099 1e-04 0.540891444970033
"287" 1127 59 1.76293481160096 6.55237133185669 0.461589912370604 107 7.83369787453303 42.6396736267846 0.496267392947468 269 18.546390992599 9.53978125905184 0.51096098245683 79 10.2077132223757 0.0990039411265367 0.541147296049906
"288" 1128 70 2.34458643572591 6.5960127040474 0.464779431886655 112 7.98704090791061 40.6128906825514 0.497232912065731 301 21.0290394526491 10.3938636527382 0.510739106455522 76 10.5068352480015 0.105185437446945 0.539185400618421
"289" 1129 80 2.60881487957139 51.0827710862724 0.463323600858429 115 8.12013693259497 41.7714847446986 0.49826921160346 327 23.0730194102138 12.0064027003224 0.510381999053729 80 11.0098418839814 0.0990039411265367 0.539168905068766
"290" 1130 84 2.66350480718507 57.5387209764911 0.463984093445797 115 8.20881442185194 1e-04 0.498967275431182 328 23.131923318342 11.933857922113 0.510881051617331 80 10.0734738131294 2.71496507367891 0.541368473371958
"291" 1131 80 2.60025180139218 58.6413097128597 0.464426676967002 114 8.29398354451445 41.5539455227812 0.498946902542203 322 22.7835437976945 11.6192611597956 0.510984235242939 75 9.25112607605305 52.1680701129365 0.53985820949898
"292" 1132 79 2.5305103800627 9.54553165594335 0.465218098359143 112 7.71475605892184 42.4956466981569 0.498777581117939 318 21.910916097979 11.9289272594951 0.510031937582393 74 9.46737000076125 0.107421297818157 0.540472990983626
"293" 1133 85 2.63380843034656 60.819519935778 0.461335110947882 109 7.4862757458968 42.0026378077027 0.497410309650839 333 22.4632629179384 12.26663418632 0.510415418645331 76 9.80767113348883 1e-04 0.539615000164671
"294" 1134 123 3.83839784289438 73.5704344754152 0.471620901831602 104 7.26702816727728 44.4707819350288 0.497108205689171 362 24.2892821154052 13.8644172938852 0.510502700614546 80 10.1361206203839 49.7156494066657 0.541773045059084
"295" 1135 129 4.04063568508018 73.184691915111 0.472935150151624 97 6.80143098206847 41.54327591675 0.496949937831886 362 24.2844368518345 14.2608492903475 0.511046754804017 76 9.87829161675699 47.5561471851797 0.540773231745337
"296" 1171 48 1.51926524444666 5.51734133566745 0.463051584119356 100 7.82432968696946 44.5304653737301 0.495317607250873 214 15.3524628365983 23.7569819844072 0.51525856251569 74 9.09319599320456 0.103040836682722 0.541000763170736
"297" 1172 51 1.5677756201914 5.14952524662296 0.46162168188862 101 7.87190977600125 42.3674432187203 0.496132483152319 241 17.1355045698823 23.4168181214747 0.513164745404292 75 9.22595328718815 0.103040836682722 0.543613031816452
"298" 1173 58 1.70068680518172 7.10738150861777 0.462561240170443 105 7.87962843898027 40.556120955007 0.495521496005203 278 19.8703423955568 22.2011621448187 0.509495265873483 70 9.04375231388106 46.2644414016147 0.542506776133255
"299" 1174 66 1.97337375807716 6.44233016771708 0.46029480345067 103 7.72845541079196 41.290258375762 0.495431474236139 304 21.0769476412351 10.6984546911517 0.509424338686198 72 9.39542142558961 48.8073034510132 0.540736533017698
"300" 1175 71 2.10840657539582 6.44345501143726 0.460912624277047 104 7.84733216684065 41.7190291608102 0.496895086556073 319 22.1031058551439 11.4684641586275 0.509289173552907 76 9.62615331629311 50.5279009590635 0.542720040647991
"301" 1176 77 2.539478083562 52.5398370505008 0.464631630161302 110 8.01949083031141 41.7360440508854 0.498629101956593 320 22.1698365440684 11.9655228488487 0.508024677377309 76 9.59958837716866 48.0759567431885 0.540947130917165
"302" 1177 79 2.56084910099402 59.5462642919775 0.466191329046466 105 7.53557559855764 42.3262938692296 0.499142156655602 316 21.7860881462377 12.5947489976401 0.509012666969503 72 9.27975419286524 0.471952143533445 0.541736663536891
"303" 1178 75 2.42337428606625 61.8286870960047 0.464475138565081 103 7.50954200542826 1e-04 0.497233333107411 328 22.424131469743 13.3033677047828 0.509828113801915 75 9.75698967557416 46.4614503383048 0.540986494057299
"304" 1179 88 2.68247500270093 66.0356989540044 0.462797538816625 99 6.95945726943986 1e-04 0.495189717236444 348 23.5324563359822 13.6741301610541 0.509864252562783 74 9.72170118957937 46.4913678690589 0.540327336592426
"305" 1180 122 3.86052453887909 75.7821532159522 0.472243038312797 99 6.81655373337234 42.3737365692667 0.498145999401786 361 24.5529344159806 15.3016036228024 0.509044680055866 78 9.94611207868777 47.8877779304567 0.542273229814513
"306" 1181 126 3.94317662303552 74.5649888726742 0.471412972154008 92 6.31188135141915 41.988867412734 0.496586696892718 356 24.1166559715733 15.1015815713398 0.511396223730822 77 10.1139709944934 47.8877779304567 0.540509061209087
"307" 1212 41 1.27543500849719 10.9631558440994 0.452251737771723 93 7.00633815830121 46.6418155885477 0.493416819246502 190 13.4871765346425 0.310839059996141 0.516434952014797 61 7.55324045495484 4.18265892764008 0.537695952643658
"308" 1213 44 1.32832669025964 7.97015984351863 0.45495333349616 99 7.39837035259497 48.8585687817577 0.495391831686475 188 13.2386587041426 24.0600821556486 0.516011632397222 61 7.55614843824428 3.95437393177096 0.538412453221662
"309" 1217 48 1.5156248262419 4.44692139201428 0.459936248062719 101 7.94890087520741 41.8737890846466 0.496206712517358 218 15.0410288999869 24.7218657455673 0.515295465282971 71 9.06210111524561 0.107421297818157 0.541208253174767
"310" 1218 50 1.5747969667019 5.38726069744186 0.461812378234852 99 7.69727002522789 43.2815775191763 0.495734529954894 252 17.4195450012469 0.222479353302874 0.512191177781569 69 8.73333060449441 44.3510554782108 0.54323442007281
"311" 1219 58 1.85453967763922 5.51321288589618 0.464792399720503 101 7.50672684100927 42.3654859173869 0.496610047359261 279 19.3369251315505 0.208727524373655 0.510081473432783 70 8.97147839348234 44.4964742412598 0.542512035091432
"312" 1220 62 1.94846547737978 6.63774454696031 0.464966052176222 97 7.28367500411665 41.9229966667485 0.496613601504489 299 20.3631110325431 0.205882311430139 0.509684762537663 70 8.79798622485132 46.8819836179234 0.540644269888071
"313" 1221 65 1.99302014036799 49.4209275903264 0.46192941094526 103 7.64819599776995 41.8526830831435 0.496627842911723 307 20.5924458534489 0.23159607898382 0.509066999868008 73 9.27658258963753 0.530865746910892 0.542085192365963
"314" 1222 73 2.2761277099554 7.70035692569532 0.465400945384002 104 7.62024749460474 40.7896816883238 0.496238780152214 315 21.2225125311953 13.3750330048431 0.509632878122998 72 9.29471059525033 0.471952143533445 0.542303884448677
"315" 1223 69 2.10488534472084 60.0901394032076 0.466690618719402 101 7.34221137242288 1e-04 0.497790536532391 325 21.7079498212795 13.893956899314 0.508504348537276 73 9.437994278932 48.6812599096413 0.54064247329331
"316" 1224 74 2.29186933948952 69.1958121493066 0.463600565366059 96 6.96009777206737 1e-04 0.497144888433252 344 22.9155968673865 14.2998104234384 0.508092126364936 74 9.69811760803915 48.6000566713913 0.54074343730635
"317" 1225 96 2.95618602121163 7.96325631258646 0.471188549218269 92 6.34998105851289 1e-04 0.496775379293469 352 23.3717822312617 14.510416863397 0.5092931653484 73 9.6326645977483 1e-04 0.53973219947051
"318" 1226 115 3.59529964376994 72.8418023848247 0.467980225111733 93 6.31514025184455 42.4037311754262 0.498303766812902 363 24.5946664751765 15.1531394499324 0.509221418212864 76 9.75333098022559 48.9307070716607 0.541332810074719
"319" 1227 112 3.49254237286752 72.8721926411276 0.469522635350336 81 5.79737219460101 44.1914028082906 0.497748710514327 348 23.4787426962337 15.2933042793214 0.510855303655638 75 9.77749883512045 48.9307070716607 0.540346190281083
"320" 1258 40 1.26830413185257 12.6078821228504 0.452091758540155 97 7.05519897852893 46.8015926026236 0.494555524141689 190 13.3564668345357 24.3087752410314 0.516586533112753 61 7.80122133553205 3.35791427237411 0.538792098841016
"321" 1259 41 1.26404046484736 7.33992486752487 0.454111931740441 93 6.90172308427634 45.3892985512168 0.493587374885962 186 13.2276257864222 24.5430300940921 0.516362865383998 63 8.03301068217463 41.9367722775098 0.537331535830882
"322" 1260 46 1.42236890676448 1.54348396965059 0.454839380104061 94 7.33439044393132 44.6915418899224 0.495217583984805 186 13.0371780329317 24.8504173378524 0.516834654444341 64 7.83998067131186 48.995750515097 0.538738943440053
"323" 1261 47 1.47787988910955 0.382853800326252 0.457170225857791 96 7.40402247914202 44.515752771735 0.495917634547875 190 13.2533247583223 24.8644969119486 0.515831491389813 68 8.42239229767034 43.8568120506541 0.539662080490236
"324" 1262 49 1.53187055674084 1.16525486331688 0.458150764468041 98 7.54140601665705 44.5722747553723 0.495957386850475 207 14.097050653664 24.9481254145903 0.512920493458166 66 8.3363018813701 44.0751585016609 0.539695465791176
"325" 1263 49 1.52778537612677 0.809204816501763 0.460147061614976 98 7.6093458227035 43.864495746511 0.495758860880432 232 15.5548357689196 0.242856744242978 0.51330418794184 65 8.52867804373769 2.57753518279557 0.54443538772729
"326" 1264 53 1.63431323292933 0.740344832118634 0.462150579652973 95 7.37933820329199 44.185118684721 0.495710986212543 249 16.9818267852086 0.200880092879501 0.511430888687404 66 8.57898740820883 2.57753518279557 0.542932466455785
"327" 1265 54 1.72317586038734 5.72801087454076 0.463653611410787 98 7.2549252783908 41.3323012399266 0.496835761680845 275 18.6226281134492 0.156406343647683 0.510323631937317 69 8.93657144172743 2.57753518279557 0.542972362626297
"328" 1266 58 1.81983920334432 5.27891105739617 0.461825590568412 95 7.05754884819081 41.7338729993694 0.495082876542122 291 19.4577164234524 0.234104918794464 0.511357846830395 72 9.3468425549448 47.8793811814586 0.542421932697932
"329" 1267 63 1.9717231079691 49.8495156088014 0.464139121140813 96 7.0347870999546 42.4245552890545 0.495761276892836 315 21.1198205198037 0.280293926340662 0.5100352135645 70 9.22355948871865 2.49541665486917 0.541512994706595
"330" 1268 71 2.13705167808778 66.1249202677964 0.465741649686533 99 7.03950162753193 1e-04 0.496591798595199 331 21.9490843117679 14.6090119365739 0.5094562965601 71 9.25879030834652 2.31557912972968 0.541793799564912
"331" 1269 82 2.41395705686555 69.4596633052055 0.467928068961454 97 6.81138946693437 1e-04 0.498804411501023 341 22.4820460816147 14.5346736160188 0.510216172470461 72 9.18215030404681 48.4120343989647 0.540017874989191
"332" 1270 87 2.73203100691245 71.1025025043815 0.465982862541816 92 6.22690849751442 1e-04 0.496817397028465 352 23.4257261215786 14.8948557224012 0.508852295911849 73 9.44227363315396 48.3308311607147 0.540105078619003
"333" 1271 105 3.30211455546459 69.3405983115229 0.468445406623316 91 6.29546021225294 40.3698139016155 0.496845462217444 361 24.0001669227944 14.7213722599409 0.50884321733077 71 9.32463438325771 1e-04 0.539308816698997
"334" 1272 110 3.40904705123595 70.0437120275575 0.470848003760625 82 5.85404602697234 1e-04 0.498143120266525 352 23.497535955013 14.4132126418619 0.509356238028039 72 9.56865513284837 1e-04 0.538098635439037
"335" 1273 102 3.22859920682783 69.227944195287 0.469058870662938 66 4.79218591702794 49.2627456360929 0.496053661336275 322 21.5265329989888 0.0449353968974487 0.511083951122365 71 9.46422758410386 50.0645264326895 0.539384546825015
"336" 1304 39 1.23574998450931 10.5698034074273 0.45287885274037 96 7.17474635998154 0.167585935289257 0.495874165342194 200 14.1072978515735 23.8711012848465 0.514262750955146 61 7.58090555501176 1e-04 0.537644219788997
"337" 1305 40 1.2335432739879 1e-04 0.453830271094476 96 7.34968342448971 46.2634838743227 0.496187011932355 197 13.6255189516938 24.0109372584955 0.515840000742493 62 8.08999392018265 46.7556206203849 0.538907466077
"338" 1306 44 1.37417516385293 0.402998737185528 0.456595209146944 93 7.28122657343683 45.5803464119444 0.496587250499787 201 13.7839269138916 24.7922490610594 0.515116172070869 63 8.50833808489479 1e-04 0.539307644830825
"339" 1307 47 1.45873446578693 1.25264147806565 0.455390994323873 93 7.15911621665193 46.623183672872 0.496074728457241 212 14.1556130269807 0.276808760932548 0.512611433328307 67 8.72414204217598 47.4550500347789 0.542051293692251
"340" 1308 50 1.58737798367737 1.13877407096877 0.459918215572071 94 7.20276175549381 43.8373428795148 0.495217919849084 231 15.6300076021788 0.258688058675468 0.511116348749768 63 8.05372502457458 4.05973851277416 0.541420193195308
"341" 1309 50 1.57828421622765 0.790816070672177 0.461445922816236 92 6.92021834075768 43.8517043058483 0.495678460813281 245 16.6005515232828 0.24307519475544 0.51079955704042 63 7.99242366265735 4.34885501765221 0.542504622483919
"342" 1310 52 1.6368061728348 0.756437111077735 0.462742047821082 91 6.71517550732217 41.9670936332317 0.495562716597697 259 17.3068439635106 0.199749693103955 0.510433009136653 64 8.059587738167 4.34885501765221 0.543054193613403
"343" 1311 54 1.75131289262456 2.17628963952649 0.462928059475819 92 6.80669643349018 41.9192646786005 0.496815085888317 279 18.5452800398661 12.7447850385706 0.50983945536496 66 8.58187051151 4.24531323151763 0.541696877326701
"344" 1312 56 1.82317554409532 2.13276584673596 0.464081423272957 93 6.56850704709252 43.0457421287283 0.497932697737214 301 19.9603761883244 13.4502364873063 0.51034417955068 69 8.9496915529364 0.471088762521154 0.542636604255104
"345" 1313 63 2.01780178091153 1.83860504028962 0.46433937563526 97 6.89041283513416 41.8158527106647 0.496677918173255 327 21.7415603090275 14.9287158221011 0.508997213061521 70 9.21895090790977 2.76801396688437 0.541852646104165
"346" 1314 87 2.72068678720794 66.3114002003865 0.465441387896539 95 6.71520324415986 42.0925845820682 0.499165792816273 336 22.4357313408484 15.1389733562449 0.509880955187115 73 9.42297355057052 46.497390723274 0.54086589080835
"347" 1315 95 2.9329549452455 66.2401190546317 0.468618311754915 90 6.07480959382671 1e-04 0.497042065720922 345 23.0198205323032 15.0697380220483 0.510249618194852 71 9.15677797208578 48.3140360859739 0.539873327236073
"348" 1316 103 3.25774558780247 67.1601360831156 0.468622691678123 88 5.94254570198252 1e-04 0.497074346866012 342 22.7540371278391 14.4301359422433 0.509949099979572 69 8.82445723038076 48.7209787269576 0.538988430333259
"349" 1317 98 3.11719719106561 72.0949852033459 0.468412345762513 82 5.60197210414534 1e-04 0.499496258611706 331 21.7832316795483 14.5808404886829 0.510373536646973 71 9.06092019248269 4.69025915639577 0.539158180082664
"350" 1318 94 2.99198941891486 70.0950008418199 0.469285089705115 65 4.66923895368195 48.8736963139803 0.497511750592722 305 20.0296451449011 0.0304003420830336 0.512490525910584 66 8.8775784957223 52.6707717082788 0.537245312239361
"351" 1349 44 1.42049383832802 1e-04 0.456782209832455 105 7.4969026086302 0.153628774015152 0.500286759317339 226 15.177381857901 10.5255128705073 0.511798762019228 66 8.64255401961794 42.6364045776209 0.538502007925847
"352" 1350 43 1.35697733160861 1e-04 0.455782017505833 101 7.43113520205566 0.159673213937008 0.499494859789822 233 15.8337495039504 0.302071756533391 0.511206039898619 65 8.67188167494876 42.6811267807447 0.538670899159643
"353" 1351 45 1.41096399979891 1e-04 0.455140619770441 98 7.22366892574672 0.170400824957984 0.50001771593894 234 16.1978718025431 0.349947481232849 0.512018613034457 62 8.02401122114123 1e-04 0.540496458137533
"354" 1352 46 1.43150255048597 0.869887677739395 0.456362994468591 92 7.05194411105591 45.0066650837079 0.497220204469547 234 15.9866186503438 0.351341295899115 0.511120710211338 67 8.48608594164126 47.1673967473172 0.542712728527373
"355" 1353 47 1.47483507894411 0.869887677739395 0.458128062094683 91 7.03076703443672 44.2009997512325 0.496474066941057 243 16.8657953330105 0.385469591123506 0.509873608404692 68 8.74275856523736 1e-04 0.54138866028815
"356" 1354 50 1.61649647479137 0.809204816501763 0.460188380587368 89 6.71977597730375 44.1580597570535 0.496600829068433 255 17.3388991178431 0.274887802678685 0.511448082262416 63 8.27167998325725 4.00052468884268 0.54029989542647
"357" 1355 52 1.70001437788526 0.756437111077735 0.464733396933591 87 6.63503767808241 43.9069993250342 0.497483975477244 269 17.868249355952 0.262440968411009 0.511319735745536 62 7.95108745110129 4.10309968086429 0.540589416094677
"358" 1356 61 1.94946403551409 1.69959388335185 0.465437176190334 88 6.49425525507312 42.4909537202074 0.498191891281338 283 18.8802816915422 0.257658551452197 0.511115902102779 65 8.27051452372612 4.54884558841257 0.542842645282166
"359" 1357 67 2.15019124865505 1.90452128772461 0.464335821077785 89 6.43244563269317 42.1838399285839 0.497312549615906 296 19.7811687824232 14.0403513843026 0.511995401212729 66 8.30763920156509 0.460135535485779 0.541637375064487
"360" 1358 72 2.33181536507327 2.70938596025383 0.464386212965532 90 6.43018214377672 44.0523514634865 0.49912339036435 323 21.7114862588924 14.8296350672136 0.510892370716107 70 8.92352177183504 0.530865746910892 0.542678795577388
"361" 1359 90 2.98659422792595 2.83467705956955 0.466192909949733 94 6.64620027426306 43.2100841727425 0.498641851406449 340 22.9269335215615 15.1211962189003 0.509777115753849 74 9.27720949646004 0.41221516720601 0.542469830214914
"362" 1360 103 3.26952064613856 2.31622396978205 0.468532790089402 89 6.00672640761407 1e-04 0.497323246531337 344 23.1199222235537 15.2115278054223 0.50782299466863 71 9.06140956835167 0.461912736224223 0.541349853396577
"363" 1361 98 3.06088633723068 68.1329398907526 0.468358381863501 88 5.91002099350623 42.6084281247924 0.497177430262487 332 22.3164223583782 14.6649797445647 0.510278776991028 67 8.66134756369962 5.13505942098705 0.539008687153822
"364" 1362 91 2.91181051683648 69.2738529194118 0.464753642891604 80 5.49195744268448 1e-04 0.497673972907386 304 20.0880607855885 0.0886168138277155 0.512628368430739 68 8.89050286335409 5.3867963608228 0.538553718108909
"365" 1393 50 1.81759839678675 1.35412417144149 0.453265086656361 102 7.14156431081962 0.155990755153847 0.501997979391692 240 16.2503120917445 12.6210058937339 0.509885432065426 63 7.99820162086813 4.73268755555933 0.536856606435276
"366" 1394 52 1.75426319779573 1.38355947951631 0.457162397911052 105 7.27456852771724 0.152474422330828 0.502168077364181 271 18.3070497759143 0.527793321671033 0.508088518211076 66 9.06446263433224 1e-04 0.537180343823411
"367" 1395 50 1.51724006217753 0.790816070672177 0.458162224884438 106 7.3479139936562 0.152474422330828 0.502351640250511 277 18.7175358075428 0.515314087712597 0.506346039224533 60 7.94491325607051 1e-04 0.538351878436513
"368" 1396 51 1.64004668851475 0.756437111077735 0.464602413574217 99 7.11934537030602 0.167585935289257 0.501957954640418 275 18.8170407139035 0.425791488622566 0.507744217680188 60 7.75880632989717 53.0124089068181 0.540667919238125
"369" 1397 52 1.7070696808931 0.740344832118634 0.465103571132606 96 6.99067039559095 0.174805156637932 0.501319762583555 281 19.0995183054598 0.40637314047738 0.508632288122652 63 8.04370848465916 1e-04 0.539326258049295
"370" 1398 56 1.80777440110983 1.11179241577402 0.463049001353066 92 6.83292073264523 42.9859316030606 0.499784359889241 281 19.0566209131359 0.350228217135441 0.508147166635753 67 8.37111519232747 50.8808671971536 0.542684454795167
"371" 1399 58 1.76670050448864 1.7721809391819 0.458047425284782 88 6.63262533726654 42.228387939656 0.499084372163595 279 18.8882333885013 0.304486605551718 0.50996855789297 66 8.24953213983326 49.8920665538775 0.541234632851107
"372" 1400 62 1.9708791386357 2.07765049569958 0.459252966308372 88 6.65251800377293 41.4291590910666 0.499428357820979 282 18.8739373666687 0.301442739496201 0.509105237517427 65 8.26748109848698 49.1203637246302 0.539686648022819
"373" 1401 66 2.13389867687141 3.08680363468547 0.457437833172975 86 6.39369861649449 40.8256766179536 0.497931288300759 290 19.0442358072111 0.0320727635616426 0.511762101316088 65 8.26748109848698 49.1203637246302 0.539686648022819
"374" 1402 76 2.45089384971995 3.51154070611569 0.462510953417254 86 6.25371602410476 40.7062482836339 0.497657618559758 296 19.8245458780163 0.0914448270490483 0.512132035907437 66 8.4591368736185 0.342830861126398 0.54209010356637
"375" 1403 79 2.54797711038543 3.3652306766942 0.463587373487534 85 6.22013275903094 40.499509542522 0.498968709581294 302 20.4530715271306 0.0900085876300381 0.51245071265307 66 8.42608317562569 0.460135535485779 0.541804796315673
"376" 1404 82 2.62847469617669 3.81907427084217 0.463698856872829 86 6.09934131647353 40.9402465754241 0.500510374481159 313 21.3138474703568 0.0862172616456389 0.513319886326797 68 8.83354403404237 0.542660541286689 0.542309766071722
"377" 1405 94 2.979963157413 3.9706494671793 0.46638866418142 85 5.64358509198861 1e-04 0.497428267909898 318 21.687192379469 0.0849395574669202 0.51279908023809 74 9.32755507047225 0.41221516720601 0.542061173010826
"378" 1406 99 3.120803027683 2.87660914761242 0.468463943130746 89 5.97800115207692 42.4803495768529 0.497761715189522 302 20.4410622239296 0.0888917107650687 0.511084349220296 68 8.67811023513196 5.0183557977828 0.539587330916775
"379" 1407 87 2.79016145396575 64.4102040337624 0.465138410198266 67 4.88205884644254 43.2064448822604 0.49343381287491 279 18.7107697903587 0.0963657604927681 0.513285558757164 66 8.62605907770482 5.38554524640105 0.538326586927843
"380" 1438 65 2.1999358380535 1.06075226762917 0.464704653194641 105 7.2417576858856 0.154800749389314 0.504394499273313 240 16.06723306604 0.55676283369015 0.510168030138542 63 7.87644509076928 7.92789490561929 0.534508397793821
"381" 1439 69 2.38283116892476 2.12122078243561 0.460710454171062 106 7.28609163408861 0.15133729977612 0.504113850401686 270 18.036675991896 0.61882052801991 0.509577766463201 62 7.95234711212927 7.40727658534271 0.535375185658946
"382" 1440 71 2.28111891549668 3.41877686083334 0.463086930013728 108 7.38957584030088 0.149113221838236 0.503426680425372 308 20.6973070366426 0.612764836451392 0.505585989327804 65 8.5020900349321 51.7838733441222 0.537706415423476
"383" 1441 73 2.35348187113985 3.31822754139706 0.464849738780544 105 7.24493848609119 0.155990755153847 0.502101534088362 313 21.2517947551843 0.603565664732902 0.5069461134414 63 8.12326112081304 50.3617934614772 0.538778143932303
"384" 1442 72 2.2548410637237 1.19591645214015 0.464092989256571 99 7.13774474068523 0.168981651416667 0.501641039470069 307 20.8769107764497 0.522024878045884 0.507692300132806 63 8.13986422077257 6.96623880374484 0.540504644805508
"385" 1443 74 2.28662149309341 2.03083815248564 0.46530881424859 98 7.10834886668404 0.170400824957984 0.501526260857252 303 20.4669845668895 0.457880160427335 0.509975387185211 63 8.06810067003926 53.9214664758901 0.540200703691326
"386" 1444 79 2.41540457326365 4.05229235842109 0.465807233212154 92 6.77890780565763 1e-04 0.501059442389007 300 20.0728157913093 0.0897267425277496 0.5099280021677 68 8.337637995608 6.00827281772406 0.542405601132949
"387" 1445 78 2.47103056921505 4.16643862203859 0.464049642802801 91 6.8359224312526 1e-04 0.499819172328926 293 19.5875185813807 0.0920322535895566 0.510858120401848 65 8.09525112010931 49.8920665538775 0.540718999229499
"388" 1446 76 2.43771194919753 4.35024767889323 0.461460867923899 90 6.7204855930512 42.2989776916897 0.499419623379703 287 19.2855801113321 0.0941491146919478 0.51111239817019 64 8.15873716782427 48.4161803390037 0.539665269455217
"389" 1447 78 2.48701741436676 5.14648107582946 0.458709048880964 85 6.32555407819392 41.4384613512039 0.499635121999688 282 19.1458786636535 0.0960427210280272 0.511628605795298 65 8.25425947490986 47.2634165214084 0.53897064784802
"390" 1448 79 2.50030657889499 3.84844605321608 0.461425096218023 83 5.96712104126006 42.2271916649597 0.499905376952646 278 18.6778503177587 0.0973480641712657 0.513886626920547 65 8.18202754126487 6.74149358349207 0.539014329729756
"391" 1449 78 2.47689698441921 3.4126268834082 0.464135055298705 82 5.9070347184065 41.5778052747909 0.499041666648696 268 18.0907526319011 0.10077229178293 0.515016058102476 64 8.27369093489594 6.00220395492442 0.540351921489624
"392" 1450 81 2.61498759645034 3.92228979167574 0.465820255298289 75 5.2772437006413 40.0014421060213 0.497283721921371 268 18.3026093701055 0.10077229178293 0.515749668799805 66 8.68115179331262 0.440352803646537 0.54091267886648
"393" 1451 81 2.63063183461078 3.92228979167574 0.464653360370107 70 4.9593209110611 41.017089697387 0.496851021926514 271 18.5535577386444 0.0993740655081671 0.514898382337259 70 9.09077699557715 6.56794867728572 0.541368855319033
"394" 1482 55 1.94301938878991 1.272882721155 0.456233810865804 98 6.42995277247222 0.167585935289257 0.504171265400009 205 14.1611815403524 0.577633194990529 0.517761646964331 57 7.06407766930957 5.88237113758551 0.535048656537214
"395" 1483 66 2.19168989680137 1.66922383359427 0.459567347128511 103 6.83385147886232 0.162226385360001 0.50303410795813 237 16.1593842019354 0.618296369765709 0.515752803558915 62 7.50463227196318 8.13117169807107 0.534024145071207
"396" 1484 69 2.3901405732155 1.5665085207577 0.463246188157765 106 7.05656961787977 0.155990755153847 0.504301601688575 247 16.4813998574538 0.60652264285656 0.513171954793368 56 6.92665772504128 0.264882647543574 0.536824031994222
"397" 1485 71 2.28942889654325 1.77436217625379 0.46365079386 106 7.15371613399613 0.155990755153847 0.504394800845725 260 17.641341601809 0.618596042887876 0.511431473428746 59 7.83766661274407 0.243978754316449 0.536455338004905
"398" 1486 74 2.36996972673183 1.72217799459927 0.464611749758398 105 7.32075599405938 0.160939668015874 0.503415916685537 273 18.3291165953624 0.0338246958115956 0.510307473193374 60 8.16809072248473 7.26181339062919 0.536992522899417
"399" 1487 76 2.3884632405563 3.82997172957098 0.466757141187588 104 7.32820234612085 0.160939668015874 0.503832718079733 276 18.5589559115924 0.033595276112197 0.512135332299068 60 7.93160024112042 7.26181339062919 0.537623618558864
"400" 1488 82 2.53474767764617 4.50139292301684 0.467389558845943 99 7.15855349009279 0.170400824957984 0.503411315881173 275 18.0790907955702 0.0338246958115956 0.511870194657406 60 7.93160024112042 7.26181339062919 0.537623618558864
"401" 1489 78 2.44704221409053 4.16643862203859 0.46650584433139 98 7.18913277256856 0.174805156637932 0.502944506901195 264 17.442870604336 0.102210467379829 0.510995335601938 64 8.17367216964814 51.6277538804744 0.538722386720318
"402" 1490 82 2.56292358981542 4.62304948850378 0.465083730211882 90 6.70353052294251 1e-04 0.501059643318607 261 17.556267059491 0.103690329225913 0.512539440430003 65 8.21505038804843 48.6939933176701 0.540426538223032
"403" 1491 79 2.48709390183915 4.81838538238422 0.465521863393773 87 6.50653394851679 1e-04 0.499166502656937 256 17.4413149034175 0.105213716420412 0.515448858441002 63 8.0600492042029 49.1282862049326 0.53939615710805
"404" 1492 76 2.37297288757317 5.54259660674787 0.463858112608643 83 6.30527483924472 1e-04 0.498204181556163 254 17.3981514250383 0.106385988350751 0.515966449588155 64 8.12901910474248 49.1282862049326 0.539579665073048
"405" 1493 73 2.34056995625777 5.08627768114332 0.459659989981076 76 5.6603392567207 1e-04 0.498405065975383 248 16.8018531480889 0.108810763750388 0.516588177607017 63 8.04163341308931 48.4161803390037 0.538835603245434
"406" 1528 60 2.07175896374539 1.1365131438884 0.45501948181403 96 6.33167113932832 0.181044626517858 0.50285787728423 212 14.423935566726 0.582413454148859 0.516547418273315 58 7.18030860159911 0.456238517746299 0.534024035528846
"407" 1529 57 1.96721512261443 1.92116705375944 0.454828763484222 99 6.6302214312789 0.174805156637932 0.502444622335412 225 15.6323879920069 0.665126511704043 0.515759741335692 58 7.018247361609 0.0833911543065727 0.536148750369005
"408" 1530 56 1.83840133346541 1.51786703540866 0.46117959408667 99 6.75614450389602 0.173311950170941 0.502403814926741 224 15.5822559385659 0.578847247525275 0.516086028660194 54 6.68552380065382 0.0884391030524256 0.535879748136875
"409" 1535 65 2.08138769370713 4.98640833244379 0.461465656289228 90 6.68685069503588 1e-04 0.501387053823333 239 16.2632583118437 0.113556074866477 0.515767830198173 64 8.15277756810367 6.42744766547225 0.541304012019801
"410" 1536 69 2.21208202193675 4.74118005379901 0.461211455327033 82 6.21091761486802 1e-04 0.500949686976122 242 16.5079433770036 0.112221297515106 0.516701620400378 64 8.07416231969011 48.0049088202202 0.539911637252669
"411" 1574 58 1.92937587177456 1.46165344150463 0.455934576485984 94 6.31754353718187 0.184334528818182 0.504111506490322 197 13.347715276436 0.65915188952639 0.515852008077753 58 7.02468353988822 0.0810775111313901 0.533800882476293
"412" 1575 48 1.49043722091488 1.79382467821023 0.458677877485302 92 6.10451829074003 0.186024753853212 0.502391298249084 205 14.0588605086452 0.599687604795207 0.515395140601886 54 6.63499577865708 0.0911997000228139 0.537042208360944
"413" 1618 57 1.90958049129144 1.92116705375944 0.456975213278019 90 6.1122174769231 0.194963443942308 0.504426998072614 187 12.8141858149355 0.418603373909475 0.518515793864519 58 7.11123397289522 0.336879723052977 0.536786013226359
"414" 1619 52 1.73749503064813 1.64434762169271 0.458543059487516 90 6.08793554139037 0.194963443942308 0.504605651027602 180 12.1770411541876 0.381141729858991 0.517706846439851 52 6.35610517218211 0.0972730133576681 0.537649276604864
"415" 1620 44 1.36291071955986 1.97319714603125 0.458289402135896 88 5.9626075282482 0.200751467029704 0.502460555298395 184 12.3559513625564 0.360240183476327 0.517262078389942 54 6.63499577865708 0.0911997000228139 0.537042208360944
"416" 1663 56 1.88797155287802 1.20083841618397 0.455502935858811 88 6.09745128761524 0.198784295784314 0.504630876438184 195 13.3456640460157 0.400495054846084 0.517381409228689 54 6.63335865516278 6.12525507431283 0.535921105053448
"417" 1664 52 1.71135217648657 1.64434762169271 0.459113011286332 85 5.87367601429613 0.209025754329898 0.504488527872072 185 12.850606198281 0.292522317094349 0.51729635250225 50 6.08093738457236 0.104213942883216 0.537824367299648
"418" 1665 44 1.36630778805684 1.92507282539635 0.461193271041049 80 5.555575940626 0.218011808279571 0.50274245474902 175 11.8425293539284 0.246896932961598 0.517621234415322 50 6.11315596583684 0.104213942883216 0.537868237485548
"419" 1709 49 1.60482726104864 0.867046128718088 0.461692412750008 84 5.87258746030191 0.209025754329898 0.504513190244849 193 13.1922972629505 0.319896721264914 0.51694212809789 48 6.10061107079837 6.00380327362137 0.538768135762128
"420" 1751 49 1.67798284435224 0.565915961472225 0.457535948338064 85 5.93621026065973 0.200751467029704 0.504600493705102 213 14.9460765896694 0.409200195821615 0.516489983688672 56 6.79628045642077 45.0290734469466 0.537068372270316
"421" 1752 54 1.80753239687033 0.0504735344754914 0.457232615189303 85 5.88283406376217 0.202757981700001 0.503934872819602 232 16.3084810450385 0.43685370683466 0.515692232152767 55 6.75277034113488 4.86020215359236 0.537429193049301
"422" 1753 51 1.71545215975205 0.0547606437925545 0.457433956502819 90 6.00150619140449 0.198784295784314 0.503933159347588 236 16.5650417203072 0.429865647525305 0.515975460741744 55 6.57260948857378 4.86020215359236 0.53791856820425
"423" 1796 48 1.54154198784118 0.0598453548430247 0.457107288605265 79 5.66696434993897 0.215693597553192 0.502720328883959 207 14.7616549666823 0.349461095532897 0.514153117037021 54 6.70327863651006 44.9549731057875 0.536472189564658
"424" 1797 49 1.59640238473756 1.71583664872283 0.456439016707809 82 5.72598962035844 0.211202064270834 0.503013271991925 229 16.0961653982095 0.356168798649184 0.514603447505717 53 6.74725342223491 5.0074779764285 0.537899933157149
"425" 1798 47 1.56817298705451 1.71583664872283 0.461572648231098 83 5.66678542819724 0.211202064270834 0.503019126896367 234 16.3940448378294 0.398166109973714 0.514619447671478 52 6.69549292762626 6.7689174432437 0.538285703487459
"426" 1799 45 1.51965644491544 0.947692280226747 0.459246939208332 83 5.58031492519583 0.215693597553192 0.502124159568327 231 16.1929966571549 0.364988863719932 0.515588061363004 51 6.32066702015618 6.99454469135182 0.537558962413504
"427" 1841 42 1.43078469475404 0.0677065857434227 0.461246382373129 72 5.18315391045978 0.476942309882355 0.502043261058945 190 13.8028546507577 0.231008465260985 0.512889577443759 51 6.62185603064866 4.94815472652066 0.537124963566681
"428" 1842 43 1.41562159167723 0.0659730835448734 0.461461391240279 71 5.27567402474175 0.244266243012049 0.502216013155042 211 15.0369830835227 0.343277713311076 0.514684373203296 51 6.57166106035912 6.7689174432437 0.537042068320235
"429" 1843 44 1.48737472945671 0.0643262564562515 0.461390518962176 73 5.28963177899365 0.24135950202381 0.500663925056876 224 15.979911700751 0.363617936696238 0.515774194748371 52 6.68805412485868 8.66580573762768 0.536823270802343
"430" 1844 44 1.44780631844044 0.062759762396343 0.460789950951642 70 4.94393117972983 0.256629090759495 0.500783278416678 217 15.4645232922306 0.387581614464741 0.515426823260369 52 6.64125955231214 6.7689174432437 0.537818796165772
"431" 1887 38 1.2088113640641 0.0779500078257594 0.464534519034452 63 4.56210995047204 0.55532734712329 0.498391823186517 187 13.8226883978468 12.2439767609673 0.515158818623869 50 6.4957094480478 1e-04 0.538271346541056
"432" 1888 38 1.14177393997186 0.0779500078257594 0.46101343627051 63 4.56404763035105 0.281569419027779 0.499596630260297 199 14.0794364011905 0.364222831963864 0.514851282036854 50 6.4957094480478 1e-04 0.538271346541056
