"V1" "V2" "id" "mean_age_arrival" "diversification_model_based" "diversification"
"0" -55.399663561 -22.62276882 31 0.168236699926669 0.000118442005062513 0.0491439252264721
"1" -55.399663561 -23.12276882 32 0.251983906857146 0.00141256009156679 0.056016088206952
"2" -55.399663561 -23.62276882 33 0.24498713166667 0.00121955996685946 0.0574321966697082
"3" -55.399663561 -28.12276882 42 0.185405039382641 0.00779845840323991 0.101294969359181
"4" -54.899663561 -22.12276882 76 42.4131222045188 0.0222350381625279 0.0520910461160919
"5" -54.899663561 -22.62276882 77 43.3264599258503 0.0212148799937324 0.0513453814024325
"6" -54.899663561 -23.12276882 78 0.174034517165519 0.000121484380989551 0.0509879723469443
"7" -54.899663561 -23.62276882 79 0.259392257058827 0.00121866782784345 0.0559944376163842
"8" -54.899663561 -27.62276882 87 0.0173533534700024 0.00912408462827688 0.0738049767560208
"9" -54.899663561 -28.12276882 88 0.0247476478142891 0.0117791687140682 0.0655675661884367
"10" -54.399663561 -21.62276882 121 1.67473296821789 0.00438964493685788 0.0526245628804063
"11" -54.399663561 -22.12276882 122 1.85415792909838 0.00493804629739102 0.0533833695142289
"12" -54.399663561 -22.62276882 123 1.85415792909838 0.00493804629739102 0.0533833695142289
"13" -54.399663561 -23.12276882 124 43.3264599258503 0.0230725268140657 0.0540905194321815
"14" -54.399663561 -23.62276882 125 1.98753873505695 0.00548209731415818 0.0570525145815811
"15" -54.399663561 -24.12276882 126 1.86920571296381 0.00471149357103221 0.0567427485057134
"16" -54.399663561 -24.62276882 127 49.1678679814166 0.0267092748382712 0.0630835429246913
"17" -54.399663561 -25.12276882 128 50.6741616249805 0.0240071961914191 0.059743959744851
"18" -54.399663561 -25.62276882 129 43.3699855195868 0.0307700583002449 0.0672405552638665
"19" -54.399663561 -27.62276882 133 0.0179482966931059 0.00936581981454902 0.0752883356317647
"20" -54.399663561 -28.12276882 134 0.0236273001863669 0.0115642593030394 0.0661360837392528
"21" -53.899663561 -22.12276882 168 0.928897310356217 0.0051661345220757 0.0551061255720117
"22" -53.899663561 -22.62276882 169 1.14425372905767 0.00528207742025736 0.055971783791482
"23" -53.899663561 -23.12276882 170 1.80906833165666 0.011132367218795 0.0558222362433355
"24" -53.899663561 -23.62276882 171 1.70569871270485 0.0103747586849012 0.05800894920814
"25" -53.899663561 -24.12276882 172 2.02071581686104 0.0107368916359569 0.0580102836029553
"26" -53.899663561 -24.62276882 173 0.856156173219435 0.00285513195395767 0.0666634629219492
"27" -53.899663561 -25.12276882 174 1.47707016396569 0.00715438569649582 0.0627362433072945
"28" -53.899663561 -25.62276882 175 45.1000450365584 0.0290587117185904 0.0662833890923675
"29" -53.899663561 -26.12276882 176 45.4880465078251 0.0312582862510982 0.067734036757843
"30" -53.899663561 -26.62276882 177 1.00124291191966 0.00607244906721548 0.0704571132891279
"31" -53.899663561 -27.12276882 178 0.892806828941778 0.00309484662432012 0.073365083782407
"32" -53.899663561 -27.62276882 179 0.824330334398482 0.00358107155382126 0.0699735703243881
"33" -53.899663561 -28.12276882 180 0.021666691837503 0.0101002390516872 0.0722089313564393
"34" -53.899663561 -29.62276882 183 0.0974542832540048 0.0121944387581713 0.09875838895966
"35" -53.399663561 -22.12276882 214 0.868974903236461 0.00490358091483706 0.0562521871161689
"36" -53.399663561 -22.62276882 215 1.10958240393471 0.00521876424301532 0.056471449702588
"37" -53.399663561 -23.12276882 216 39.4884073612574 0.022723413855968 0.0569552976347083
"38" -53.399663561 -23.62276882 217 1.18116191386598 0.00501910653136646 0.0546071913069074
"39" -53.399663561 -24.12276882 218 0.886729607977272 0.00306883138565092 0.0586043665045851
"40" -53.399663561 -24.62276882 219 0.856156173219435 0.00285513195395767 0.0666634629219492
"41" -53.399663561 -25.12276882 220 1.45415759256676 0.0124810168126119 0.0651735554225989
"42" -53.399663561 -25.62276882 221 1.41009524127686 0.01223294641532 0.0667964100041061
"43" -53.399663561 -26.12276882 222 0.827620967445454 0.00287127166635288 0.0738423416226426
"44" -53.399663561 -26.62276882 223 0.827620967445454 0.00287127166635288 0.0738423416226426
"45" -53.399663561 -27.12276882 224 1.17170474161937 0.0188495194051322 0.0730196608885664
"46" -53.399663561 -27.62276882 225 1.07590169342437 0.0184299461521608 0.0729624791624469
"47" -53.399663561 -29.12276882 228 0.0192703927444471 0.00871069557083268 0.0754486669573629
"48" -53.399663561 -29.62276882 229 0.0974542832540048 0.0121281987495406 0.0996177702182907
"49" -52.899663561 -22.12276882 260 0.0941384000161308 0.00269915539111827 0.0568210129133281
"50" -52.899663561 -22.62276882 261 1.05239394440151 0.00539222876575038 0.0543255499328217
"51" -52.899663561 -23.12276882 262 1.75534632979849 0.0108013698673088 0.0557407606655637
"52" -52.899663561 -23.62276882 263 0.886729607977272 0.00306883138565092 0.0586043665045851
"53" -52.899663561 -24.12276882 264 0.886729607977272 0.00306883138565092 0.0586043665045851
"54" -52.899663561 -24.62276882 265 0.185405039382641 0.00271926971470199 0.0655867365510898
"55" -52.899663561 -25.12276882 266 1.30935458220066 0.0124501107718219 0.0684166030970915
"56" -52.899663561 -25.62276882 267 0.800926742689149 0.00281761269670406 0.0734972384273567
"57" -52.899663561 -26.12276882 268 0.800926742689149 0.00266123065743069 0.0774319927363762
"58" -52.899663561 -26.62276882 269 0.856156173219435 0.00275397743104593 0.0765925936143237
"59" -52.899663561 -27.12276882 270 44.6466470152767 0.02127574973976 0.0729473329566719
"60" -52.899663561 -27.62276882 271 1.07590169342437 0.0177999205094924 0.0733813940881064
"61" -52.899663561 -28.12276882 272 0.791361121022542 0.00276752694649251 0.0731109388379781
"62" -52.899663561 -28.62276882 273 0.021666691837503 0.008895185409138 0.0738478961568681
"63" -52.899663561 -29.12276882 274 0.021666691837503 0.00961355741908374 0.0731371170612037
"64" -52.899663561 -29.62276882 275 0.105919873102179 0.0127364940123387 0.0968307542845399
"65" -52.399663561 -22.12276882 306 0.0810775111250015 0.0023608366544307 0.0534879167805509
"66" -52.399663561 -22.62276882 307 1.23472842321262 0.00718071530869678 0.0549483766275272
"67" -52.399663561 -23.12276882 308 1.40712114461912 0.0114563533543103 0.059876574259545
"68" -52.399663561 -23.62276882 309 0.886729607977272 0.00306883138565092 0.0586043665045851
"69" -52.399663561 -24.12276882 310 0.886729607977272 0.00303552112744226 0.0592097374692359
"70" -52.399663561 -24.62276882 311 0.178787002261833 0.00252179014568507 0.0730625575761365
"71" -52.399663561 -25.12276882 312 0.827620967445454 0.00263790105304913 0.0737763867652075
"72" -52.399663561 -25.62276882 313 0.800926742689149 0.00266123065743069 0.0774319927363762
"73" -52.399663561 -26.12276882 314 0.827620967445454 0.00269448072885657 0.0763980855671317
"74" -52.399663561 -26.62276882 315 0.886729607977272 0.00278847233850363 0.0754807780349777
"75" -52.399663561 -27.12276882 316 45.0588985784976 0.0263020495964782 0.0765580285238508
"76" -52.399663561 -27.62276882 317 0.706583143770127 0.00261779438867187 0.076946485434573
"77" -52.399663561 -28.12276882 318 1.07590169342437 0.0177999205094924 0.0733813940881064
"78" -52.399663561 -28.62276882 319 0.791361121022542 0.00276752694649251 0.0731109388379781
"79" -52.399663561 -29.12276882 320 0.0208040241640028 0.00872387752129484 0.0757805122330935
"80" -52.399663561 -29.62276882 321 0.101510711722922 0.00944109673943401 0.0719574750040106
"81" -51.899663561 -21.12276882 350 0.841822562510321 0.0045247632648278 0.0534533595694629
"82" -51.899663561 -21.62276882 351 0.79230947059795 0.00443586194627724 0.0548927397866747
"83" -51.899663561 -22.12276882 352 0.841822562510321 0.00500328585466243 0.0552408374441444
"84" -51.899663561 -22.62276882 353 1.08867994248432 0.00525337351679039 0.0521760345059871
"85" -51.899663561 -23.12276882 354 1.56946973822902 0.0120638628452582 0.0572343295366442
"86" -51.899663561 -23.62276882 355 0.886729607977272 0.00303552112744226 0.0592097374692359
"87" -51.899663561 -24.12276882 356 0.886729607977272 0.00285603378334398 0.0634693182442196
"88" -51.899663561 -24.62276882 357 0.178787002261833 0.00252268505114464 0.0730128223338181
"89" -51.899663561 -25.12276882 358 0.886729607977272 0.00306103437231014 0.0732602680905649
"90" -51.899663561 -25.62276882 359 0.827620967445454 0.0026941194332552 0.0767245665843012
"91" -51.899663561 -26.12276882 360 0.827620967445454 0.00269448072885657 0.0763980855671317
"92" -51.899663561 -26.62276882 361 0.677907364271272 0.0169183247954272 0.0745268150342994
"93" -51.899663561 -27.12276882 362 0.934211110001052 0.0165190081106794 0.0752009439620808
"94" -51.899663561 -27.62276882 363 0.638213807276244 0.00246306309463795 0.0773975542619221
"95" -51.899663561 -28.12276882 364 1.17705535240866 0.0173145798798674 0.0715239641962877
"96" -51.899663561 -28.62276882 365 1.07590169342437 0.0177999205094924 0.0733813940881064
"97" -51.899663561 -29.12276882 366 0.0208040241640028 0.00872387752129484 0.0757805122330935
"98" -51.899663561 -29.62276882 367 0.748299465614262 0.00294968558148894 0.074830674519794
"99" -51.399663561 -20.12276882 394 0.176778206090912 0.005388599888466 0.0537770192964246
"100" -51.399663561 -20.62276882 395 0.171581788264709 0.00476562266406083 0.0551924767286352
"101" -51.399663561 -21.12276882 396 0.868974903236461 0.00484097285574933 0.0518631536288174
"102" -51.399663561 -21.62276882 397 0.841822562510321 0.00500887515671396 0.0567557905073417
"103" -51.399663561 -22.12276882 398 0.953192834254814 0.00641755579766031 0.0569513092975306
"104" -51.399663561 -22.62276882 399 0.706583143770127 0.00281056365998011 0.0530595917941508
"105" -51.399663561 -23.12276882 400 0.732749186131984 0.00297863450922052 0.0580262210021319
"106" -51.399663561 -23.62276882 401 0.856156173219435 0.00280108816791987 0.0609692265778258
"107" -51.399663561 -24.12276882 402 0.827620967445454 0.00263347592351203 0.0664328290261758
"108" -51.399663561 -24.62276882 403 0.800926742689149 0.00274366565205783 0.0741022658577429
"109" -51.399663561 -25.12276882 404 0.856156173219435 0.00301266506586858 0.0744553047524045
"110" -51.399663561 -25.62276882 405 0.827620967445454 0.0026941194332552 0.0767245665843012
"111" -51.399663561 -26.12276882 406 1.01274914229545 0.0169573766928373 0.0764126765016282
"112" -51.399663561 -26.62276882 407 0.655313785462229 0.016713620549629 0.0755564626750384
"113" -51.399663561 -27.12276882 408 0.756982711286031 0.0156474536020674 0.0747352000361756
"114" -51.399663561 -27.62276882 409 0.659484267518785 0.00255079896738444 0.0795024536757559
"115" -51.399663561 -28.12276882 410 1e-04 0 0.0738371351553151
"116" -51.399663561 -28.62276882 411 1.16211744848392 0.0177424605739521 0.0725251892710969
"117" -51.399663561 -29.12276882 412 0.659484267518785 0.00252215147601789 0.0744374992726489
"118" -51.399663561 -29.62276882 413 0.275198518292103 0.0101954345922921 0.0796835752923965
"119" -50.899663561 -18.62276882 437 0.171581788264709 0.00538597236525182 0.0558321995179858
"120" -50.899663561 -19.12276882 438 0.748297833342508 0.00475112735902157 0.0564250133145824
"121" -50.899663561 -19.62276882 439 3.28952937530585 0.00549483801981031 0.0542675331617336
"122" -50.899663561 -20.12276882 440 0.769674914295151 0.00475433777812065 0.0547980527561694
"123" -50.899663561 -20.62276882 441 0.868974903236461 0.00506316895431778 0.055298551425332
"124" -50.899663561 -21.12276882 442 2.90617564591994 0.0108204900488194 0.0543649066894644
"125" -50.899663561 -21.62276882 443 0.841822562510321 0.0050529064335267 0.0565826294579774
"126" -50.899663561 -22.12276882 444 0.95043252868788 0.00986116839258358 0.0595693783671286
"127" -50.899663561 -22.62276882 445 0.674735709176986 0.00690481565537502 0.0575990991727867
"128" -50.899663561 -23.12276882 446 2.80079188023737 0.00936841786888774 0.0570308141900271
"129" -50.899663561 -23.62276882 447 1.03301734126435 0.0129950962406025 0.0658854110435716
"130" -50.899663561 -24.12276882 448 0.800926742689149 0.0027997581269305 0.0755658853354521
"131" -50.899663561 -24.62276882 449 0.689750771225411 0.0164888400823266 0.0755811302402112
"132" -50.899663561 -25.12276882 450 0.689750771225411 0.0156790995360758 0.0757621363415766
"133" -50.899663561 -25.62276882 451 0.689750771225411 0.0156790995360758 0.0757621363415766
"134" -50.899663561 -26.12276882 452 1.04432469955115 0.016480394995917 0.0767186811214307
"135" -50.899663561 -26.62276882 453 45.0588985784976 0.0229807487004418 0.0752364729439463
"136" -50.899663561 -27.12276882 454 45.0588985784976 0.0229807487004418 0.0752364729439463
"137" -50.899663561 -27.62276882 455 0.879263397648049 0.0167295885027512 0.0804234063385327
"138" -50.899663561 -28.12276882 456 40.4927199360883 0.0266935589596706 0.0768340340772044
"139" -50.899663561 -28.62276882 457 1.05317831268855 0.0167167906955224 0.073832543967877
"140" -50.899663561 -29.12276882 458 0.638213807276244 0.00247775366218719 0.0759326638192692
"141" -50.899663561 -29.62276882 459 7.01094357955594 0.0227694383735897 0.0778103337558447
"142" -50.399663561 -18.62276882 483 0.171581788264709 0.00538214628773286 0.0557298921066519
"143" -50.399663561 -19.12276882 484 3.19815633710291 0.00551346794888281 0.0564250133145824
"144" -50.399663561 -19.62276882 485 3.38627729810896 0.0056517551833525 0.0531975099428933
"145" -50.399663561 -20.12276882 486 3.48888873138499 0.00619179495930999 0.0511276313516306
"146" -50.399663561 -20.62276882 487 0.928897310356217 0.00622678347436662 0.0522931309021022
"147" -50.399663561 -21.12276882 488 0.868974903236461 0.0051450138944259 0.0550743762009446
"148" -50.399663561 -21.62276882 489 2.73109460577317 0.0105543836659077 0.0580768803225494
"149" -50.399663561 -22.12276882 490 2.73109460577317 0.0106175198079151 0.0578974309950769
"150" -50.399663561 -22.62276882 491 3.03132942543297 0.0122055488877827 0.056636470615957
"151" -50.399663561 -23.12276882 492 40.1023214062172 0.0216442519794921 0.0581459144679853
"152" -50.399663561 -23.62276882 493 41.1517029050314 0.0279719721734165 0.0646583519525895
"153" -50.399663561 -24.12276882 494 41.9505472730875 0.0273806565164003 0.0736758718098745
"154" -50.399663561 -24.62276882 495 40.7852570710573 0.0293286660418719 0.0769291694706516
"155" -50.399663561 -25.12276882 496 0.905144133978963 0.00646380923479169 0.0803874457198911
"156" -50.399663561 -25.62276882 497 42.7963824863233 0.0243810733957397 0.076015977314632
"157" -50.399663561 -26.12276882 498 46.8055240446473 0.0231206679390501 0.0714222522602922
"158" -50.399663561 -26.62276882 499 0.144217171365716 9.12828148683482e-05 0.0714983713079267
"159" -50.399663561 -27.12276882 500 0.144217171365716 9.12828148683482e-05 0.0714983713079267
"160" -50.399663561 -27.62276882 501 41.1517029050314 0.0276775192690565 0.0761026381081924
"161" -50.399663561 -28.12276882 502 39.6829555285963 0.0255856209597789 0.0729208335017556
"162" -50.399663561 -28.62276882 503 39.3264136360809 0.0242426691668784 0.0726410346404068
"163" -50.399663561 -29.12276882 504 5.2327553653544 0.0199622290356996 0.0708238254000303
"164" -50.399663561 -29.62276882 505 0.764153871446105 0.00292409389509485 0.0781980352323671
"165" -49.899663561 -18.62276882 529 0.79230947059795 0.00490616217042061 0.0557298921066519
"166" -49.899663561 -20.12276882 532 3.25336342156994 0.00496825190117408 0.0504552904521518
"167" -49.899663561 -20.62276882 533 0.841822562510321 0.00562846557483992 0.0557493662439549
"168" -49.899663561 -21.12276882 534 0.868974903236461 0.0051450138944259 0.0550743762009446
"169" -49.899663561 -21.62276882 535 0.798487129678619 0.00808736108853552 0.0584820674840364
"170" -49.899663561 -22.12276882 536 2.60073839333211 0.010563399815629 0.0603198110092471
"171" -49.899663561 -22.62276882 537 2.74934630152251 0.0110666506102581 0.0581138258273874
"172" -49.899663561 -23.12276882 538 0.148455911700002 9.49377899950691e-05 0.0584385114025778
"173" -49.899663561 -23.62276882 539 0.136427053994596 9.15328638539649e-05 0.0653017917625585
"174" -49.899663561 -24.12276882 540 41.9442497907966 0.0300930656841482 0.0749363855262108
"175" -49.899663561 -24.62276882 541 0.117404674367443 7.6248904218843e-05 0.0762065267296487
"176" -49.899663561 -25.12276882 542 47.2978257406712 0.0292527414821565 0.0759082682703536
"177" -49.899663561 -25.62276882 543 43.8046774107578 0.0249354241799395 0.0747037918165741
"178" -49.899663561 -26.12276882 544 44.9885849083458 0.0247754122526215 0.0725220445095222
"179" -49.899663561 -26.62276882 545 0.140213916605557 8.93316468312139e-05 0.0708015757506871
"180" -49.899663561 -27.12276882 546 46.392380223531 0.0221654662596991 0.0712432726860562
"181" -49.899663561 -27.62276882 547 40.0394974211117 0.0273842319612107 0.0766247318016111
"182" -49.899663561 -28.12276882 548 3.10010101929936 0.0180175806729494 0.0746345461985988
"183" -49.899663561 -28.62276882 549 4.83008160551495 0.0185942925082849 0.0729948910755518
"184" -49.899663561 -29.12276882 550 4.76349141533008 0.0182683042453344 0.0739236965860259
"185" -49.899663561 -29.62276882 551 7.35510139134114 0.0173691304390627 0.069597394393384
"186" -49.399663561 -18.62276882 575 0.816315818191827 0.00504675365493321 0.0546122233011117
"187" -49.399663561 -20.12276882 578 3.26741388839477 0.00408173844073736 0.0510444196467828
"188" -49.399663561 -20.62276882 579 0.868974903236461 0.00583749793901213 0.0545365057040983
"189" -49.399663561 -21.12276882 580 0.897937400011009 0.00521696117206028 0.054364653968344
"190" -49.399663561 -21.62276882 581 43.80017175494 0.0206499142412128 0.0575175427188499
"191" -49.399663561 -22.12276882 582 41.0692806119125 0.0237522822420581 0.0598039426603309
"192" -49.399663561 -23.12276882 584 40.3428415926344 0.0270704500544145 0.0606704394862367
"193" -49.399663561 -23.62276882 585 0.355333625560979 0.00119475235846494 0.06458432329767
"194" -49.399663561 -24.62276882 587 0.112191133284446 7.58782615931442e-05 0.077157031042192
"195" -49.399663561 -25.12276882 588 44.6726194412195 0.0326558293920952 0.0758913319837524
"196" -49.399663561 -25.62276882 589 44.9350125882302 0.031356894490063 0.0743732908388844
"197" -49.399663561 -26.12276882 590 0.129435923020514 9.06559148578336e-05 0.0699245525457933
"198" -49.399663561 -26.62276882 591 45.3663197016135 0.0290495791151625 0.0717388856160996
"199" -49.399663561 -27.12276882 592 1e-04 0 0.0696358509053371
"200" -49.399663561 -27.62276882 593 41.1517029050314 0.0260260125476181 0.0731354687358761
"201" -49.399663561 -28.12276882 594 38.9858290679245 0.0281590443180026 0.0751080386756881
"202" -49.399663561 -28.62276882 595 38.9858290679245 0.0278409501357516 0.0726633960577724
"203" -48.899663561 -18.12276882 620 0.708919000008692 0.00451133203128921 0.0584083478844575
"204" -48.899663561 -18.62276882 621 0.79230947059795 0.00486418847602669 0.056161820576705
"205" -48.899663561 -20.62276882 625 47.8406148191039 0.0216856457444015 0.0506302204097836
"206" -48.899663561 -21.12276882 626 0.157728156181252 0.000103643835405442 0.0520319151886729
"207" -48.899663561 -21.62276882 627 2.59430415549841 0.0107199347082806 0.0610954108834331
"208" -48.899663561 -22.12276882 628 2.46775761132776 0.00935382102100016 0.0538189403736941
"209" -48.899663561 -24.12276882 632 0.105185437454168 7.00281428704661e-05 0.0657007268688229
"210" -48.899663561 -24.62276882 633 0.103040836689797 6.93763779115119e-05 0.0741334911384633
"211" -48.899663561 -25.12276882 634 0.103040836689797 6.86046751460446e-05 0.0716959321136037
"212" -48.899663561 -25.62276882 635 0.112191133284446 7.32549311111569e-05 0.0715972068396239
"213" -48.899663561 -26.12276882 636 1e-04 0 0.070461643642012
"214" -48.899663561 -26.62276882 637 1e-04 0 0.0713520305597369
"215" -48.899663561 -27.12276882 638 1e-04 0 0.0710209755499047
"216" -48.899663561 -27.62276882 639 43.5723854288568 0.0268318846535879 0.0713576991519158
"217" -48.899663561 -28.12276882 640 42.3274629880323 0.0294995898914065 0.0741094424623023
"218" -48.899663561 -28.62276882 641 41.9505472730875 0.0281062416322646 0.0721156989104565
"219" -48.399663561 -18.12276882 666 0.690744153854623 0.00430580632122596 0.0554845834686868
"220" -48.399663561 -18.62276882 667 4.68776592785128 0.00423720940883408 0.0535663031118149
"221" -48.399663561 -22.12276882 674 0.365968774181822 0.00136711630461429 0.053101162627642
"222" -48.399663561 -23.12276882 676 0.316721274956525 0.00098719323650635 0.0556487721730844
"223" -48.399663561 -23.62276882 677 0.297336298938778 0.000946142143559058 0.061005834349006
"224" -48.399663561 -24.12276882 678 0.280188050923079 0.000902156949386136 0.0637306788970805
"225" -48.399663561 -24.62276882 679 0.285679973490199 0.000937314941636777 0.0714512478802192
"226" -48.399663561 -25.12276882 680 1e-04 0 0.0729798927290629
"227" -48.399663561 -25.62276882 681 0.16945556567442 0.000521054568845802 0.0716430852562828
"228" -47.899663561 -23.12276882 722 0.297336298938778 0.000916757635840694 0.0557945222950697
"229" -47.899663561 -23.62276882 723 0.274903370716984 0.000861073880771701 0.0617460212504085
"230" -47.899663561 -24.12276882 724 0.26981441940741 0.000822910879519403 0.0656303233721005
"231" -47.899663561 -24.62276882 725 0.151814360916668 0.000439215478419647 0.0641733296160191
"232" -47.899663561 -25.12276882 726 0.161928651644446 0.000509560524841295 0.0701800205482776
"233" -47.399663561 -21.62276882 765 0.365968774181822 0.00143145825817144 0.0526234937195519
"234" -47.399663561 -22.12276882 766 0.297336298938778 0.000900234976897715 0.0550147502368811
"235" -47.399663561 -22.62276882 767 0.291391572960003 0.000902353993837824 0.0553803105369397
"236" -47.399663561 -23.12276882 768 0.280188050923079 0.000874453002853944 0.0569379132291884
"237" -47.399663561 -23.62276882 769 0.274903370716984 0.000853252040313586 0.0628467871485006
"238" -47.399663561 -24.12276882 770 1e-04 0 0.0648138376176274
"239" -47.399663561 -24.62276882 771 0.155042326042555 0.000449360394902778 0.0631404112159409
"240" -46.899663561 -20.62276882 809 0.350061436173917 0.00141113915312834 0.0568387820326587
"241" -46.899663561 -21.12276882 810 0.117404674367443 7.82857400327428e-05 0.0546381296087676
"242" -46.899663561 -21.62276882 811 0.105185437454168 6.73611420058241e-05 0.0568019766422575
"243" -46.899663561 -22.62276882 813 0.297336298938778 0.000923716000345417 0.057697444957048
"244" -46.899663561 -23.12276882 814 0.26981441940741 0.000818811235897321 0.0603537219605063
"245" -46.899663561 -23.62276882 815 1e-04 0 0.0614942894010576
"246" -46.899663561 -24.12276882 816 0.151814360916668 0.00043453610075507 0.0645518341522408
"247" -46.399663561 -21.12276882 856 0.105185437454168 7.15214966180032e-05 0.0565551877475346
"248" -46.399663561 -21.62276882 857 0.315751491450984 0.00128042492955289 0.0578088690491894
"249" -46.399663561 -22.12276882 858 0.291391572960003 0.000914008415351114 0.0576409254762325
"250" -46.399663561 -22.62276882 859 0.260181761571431 0.000805487589885394 0.0606923743561564
"251" -46.399663561 -23.12276882 860 1e-04 0 0.063513834856102
"252" -46.399663561 -23.62276882 861 1e-04 0 0.061222990611166
"253" -45.899663561 -21.12276882 902 0.328635225795922 0.00141473431896571 0.0554342271909428
"254" -45.899663561 -21.62276882 903 0.322064521280003 0.00129818789228259 0.0585474399994394
"255" -45.899663561 -22.12276882 904 0.26491052087273 0.000775891418205071 0.060529935506909
"256" -45.899663561 -22.62276882 905 1e-04 0 0.0642377441046579
"257" -45.899663561 -23.12276882 906 1e-04 0 0.064148528234151
"258" -45.899663561 -23.62276882 907 48.0361906925721 0.0325720083900495 0.067697469265589
"259" -45.399663561 -20.12276882 946 0.33547970966667 0.00137305649623839 0.0538646574171328
"260" -45.399663561 -20.62276882 947 0.107421297825533 7.37993370183545e-05 0.0548389643816601
"261" -45.399663561 -21.12276882 948 0.33547970966667 0.00143473235326401 0.0557427345277403
"262" -45.399663561 -21.62276882 949 0.315751491450984 0.00125775993261056 0.0581279088396079
"263" -45.399663561 -22.12276882 950 1e-04 0 0.0628610503698243
"264" -45.399663561 -22.62276882 951 44.8857807946887 0.0318052827038881 0.0658284133928935
"265" -45.399663561 -23.12276882 952 45.807408553801 0.0329458235788082 0.0686563874427694
"266" -45.399663561 -23.62276882 953 48.9969125064235 0.034479745969834 0.0714821314038475
"267" -44.899663561 -19.62276882 991 0.322064521280003 0.00137202691062073 0.0545316408970523
"268" -44.899663561 -20.62276882 993 0.33547970966667 0.00144062408142741 0.0570172337053299
"269" -44.899663561 -21.12276882 994 0.350061436173917 0.00146922214479227 0.0554910040161145
"270" -44.899663561 -21.62276882 995 0.100982019956001 6.12880611320602e-05 0.0605235143283391
"271" -44.899663561 -22.12276882 996 1e-04 0 0.0644520532780659
"272" -44.899663561 -22.62276882 997 43.8337724371681 0.0332882486189899 0.0700407111995972
"273" -44.899663561 -23.12276882 998 46.9942796343473 0.0359407794236743 0.0720653519392969
"274" -44.399663561 -20.12276882 1038 0.33547970966667 0.00143159440583136 0.054655931959526
"275" -44.399663561 -20.62276882 1039 0.105185437454168 7.37372726692089e-05 0.0587814341921118
"276" -44.399663561 -21.12276882 1040 47.7666294897994 0.0286475747545565 0.0568914214647306
"277" -44.399663561 -21.62276882 1041 0.0918109272327284 5.77005656206967e-05 0.0631388556592989
"278" -44.399663561 -22.12276882 1042 1e-04 0 0.061943660017318
"279" -44.399663561 -22.62276882 1043 48.7447428664136 0.0342379238886299 0.0706430973893598
"280" -43.899663561 -20.12276882 1084 49.8998044632835 0.0307775809317319 0.0545674780522238
"281" -43.899663561 -20.62276882 1085 0.105185437454168 7.42807565825846e-05 0.057231677903553
"282" -43.899663561 -21.12276882 1086 2.59522012177714 0.00738104850003393 0.0584716736826282
"283" -43.899663561 -21.62276882 1087 0.0990039411333345 6.69816889428689e-05 0.0581846373203005
"284" -43.899663561 -22.12276882 1088 47.6647917975445 0.0346455488401063 0.0724575235484181
"285" -43.899663561 -22.62276882 1089 1e-04 0 0.0706082395144089
"286" -43.399663561 -18.62276882 1127 0.0990039411333345 7.29590536195591e-05 0.0615470115182001
"287" -43.399663561 -19.12276882 1128 0.105185437454168 7.99665650273028e-05 0.0601318357315026
"288" -43.399663561 -19.62276882 1129 0.0990039411333345 7.53972000567693e-05 0.0622949293388589
"289" -43.399663561 -20.12276882 1130 2.71496507363217 0.0074832499932496 0.0550980379786788
"290" -43.399663561 -20.62276882 1131 52.1680701125641 0.0346231204292149 0.0622046240601718
"291" -43.399663561 -21.12276882 1132 0.107421297825533 7.33982515389942e-05 0.0587420087799671
"292" -43.399663561 -21.62276882 1133 1e-04 0 0.0618978255635356
"293" -43.399663561 -22.12276882 1134 49.7156494063166 0.0343621888465454 0.0688925708658826
"294" -43.399663561 -22.62276882 1135 47.5561471848415 0.0341086310730367 0.0683597247820425
"295" -42.899663561 -17.62276882 1171 0.103040836689797 7.5466985610191e-05 0.0619870572673701
"296" -42.899663561 -18.12276882 1172 0.103040836689797 7.52924301267036e-05 0.0611835887544346
"297" -42.899663561 -18.62276882 1173 46.2644414012834 0.0318081840981027 0.0640133269088909
"298" -42.899663561 -19.12276882 1174 48.8073034506581 0.0339188164290691 0.0641466468939538
"299" -42.899663561 -19.62276882 1175 50.5279009587079 0.035503837318032 0.0619832807595969
"300" -42.899663561 -20.12276882 1176 48.075956742857 0.037885395617948 0.0650652171463318
"301" -42.899663561 -20.62276882 1177 0.471952143523122 0.00334492937913063 0.068534678527511
"302" -42.899663561 -21.12276882 1178 46.4614503379801 0.0361939516282984 0.0684690474690845
"303" -42.899663561 -21.62276882 1179 46.4913678687226 0.0351700326831375 0.0682146308037982
"304" -42.899663561 -22.12276882 1180 47.887777930126 0.0340154907467727 0.0691390814249639
"305" -42.899663561 -22.62276882 1181 47.887777930126 0.0340899539015567 0.0696784625372308
"306" -42.399663561 -15.12276882 1212 4.18265892750025 0.0120067093710987 0.0626916418724889
"307" -42.399663561 -15.62276882 1213 3.95437393167633 0.0114054035388165 0.061247950226307
"308" -42.399663561 -17.62276882 1217 0.107421297825533 8.10360889942983e-05 0.0661096675994668
"309" -42.399663561 -18.12276882 1218 44.3510554778993 0.0341352933223117 0.0677353480945408
"310" -42.399663561 -18.62276882 1219 44.496474240929 0.0322354583634054 0.0661731028588124
"311" -42.399663561 -19.12276882 1220 46.8819836175889 0.0337405940208479 0.0636854261687008
"312" -42.399663561 -19.62276882 1221 0.530865746897361 0.00204410530825695 0.0655453586015518
"313" -42.399663561 -20.12276882 1222 0.471952143523122 0.00306300435539211 0.0654080371978057
"314" -42.399663561 -20.62276882 1223 48.6812599092897 0.0358841118653683 0.0687885077653029
"315" -42.399663561 -21.12276882 1224 48.6000566710346 0.0375894941546294 0.0677444623126966
"316" -42.399663561 -21.62276882 1225 1e-04 0 0.0674438396379241
"317" -42.399663561 -22.12276882 1226 48.9307070713123 0.0331485146894427 0.064189266475943
"318" -42.399663561 -22.62276882 1227 48.9307070713123 0.0329841519799666 0.0642874880364533
"319" -41.899663561 -15.12276882 1258 3.35791427228526 0.0118142941751424 0.0653620088068933
"320" -41.899663561 -15.62276882 1259 41.9367722772326 0.0357434060486791 0.0656067408402382
"321" -41.899663561 -16.12276882 1260 48.9957505147541 0.0382610922558765 0.0698740038894421
"322" -41.899663561 -16.62276882 1261 43.8568120503474 0.0370929809114873 0.0723912284253497
"323" -41.899663561 -17.12276882 1262 44.0751585013405 0.0376866357308421 0.0733246391783241
"324" -41.899663561 -17.62276882 1263 2.57753518275176 0.00981287184580649 0.0678814843652822
"325" -41.899663561 -18.12276882 1264 2.57753518275176 0.00974112158232299 0.0667190085736951
"326" -41.899663561 -18.62276882 1265 2.57753518275176 0.00978466681562713 0.0659254348334475
"327" -41.899663561 -19.12276882 1266 47.8793811811166 0.0333139402001831 0.0642980819394437
"328" -41.899663561 -19.62276882 1267 2.49541665482414 0.00607016541387049 0.0627842912574362
"329" -41.899663561 -20.12276882 1268 2.31557912968621 0.00757791505095346 0.0655052144805394
"330" -41.899663561 -20.62276882 1269 48.4120343986148 0.0341065532420442 0.0667624125191535
"331" -41.899663561 -21.12276882 1270 48.3308311603597 0.0357518716735431 0.0657785240651737
"332" -41.899663561 -21.62276882 1271 1e-04 0 0.0669329130560211
"333" -41.899663561 -22.12276882 1272 1e-04 0 0.0653292726830093
"334" -41.899663561 -22.62276882 1273 50.0645264323296 0.0331579331937257 0.0617686030232543
"335" -41.399663561 -15.12276882 1304 1e-04 0 0.062243018203219
"336" -41.399663561 -15.62276882 1305 46.7556206200658 0.0382966123566675 0.0681620672985395
"337" -41.399663561 -16.12276882 1306 1e-04 0 0.0697446297613045
"338" -41.399663561 -16.62276882 1307 47.4550500344653 0.0389854876709288 0.0720439895084394
"339" -41.399663561 -17.12276882 1308 4.05973851270082 0.0112597206195616 0.0726497659891991
"340" -41.399663561 -17.62276882 1309 4.34885501757887 0.0109178859578953 0.0667992630431238
"341" -41.399663561 -18.12276882 1310 4.34885501757887 0.0109896266103082 0.0649519591945757
"342" -41.399663561 -18.62276882 1311 4.24531323144604 0.0105129873617031 0.0623182196993041
"343" -41.399663561 -19.12276882 1312 0.471088762513418 0.00204336065083935 0.0626671511434486
"344" -41.399663561 -19.62276882 1313 2.76801396684149 0.0103982728249568 0.0640652309684071
"345" -41.399663561 -20.12276882 1314 46.4973907229378 0.0304119876752692 0.061236980474497
"346" -41.399663561 -20.62276882 1315 48.3140360856189 0.0311376892572536 0.0633788347661463
"347" -41.399663561 -21.12276882 1316 48.720978726588 0.0349655615500747 0.0633905396464768
"348" -41.399663561 -21.62276882 1317 4.69025915632636 0.00882971618554755 0.0638352808045703
"349" -41.399663561 -22.12276882 1318 52.6707717078706 0.0350700501285957 0.0638579247711469
"350" -40.899663561 -14.62276882 1349 42.6364045773303 0.0343786286045603 0.0649320882441859
"351" -40.899663561 -15.12276882 1350 42.68112678046 0.0377474200100367 0.0697543648599591
"352" -40.899663561 -15.62276882 1351 1e-04 0 0.0688552814571779
"353" -40.899663561 -16.12276882 1352 47.1673967470055 0.0381385108942483 0.0713792684700803
"354" -40.899663561 -16.62276882 1353 1e-04 0 0.070709330600599
"355" -40.899663561 -17.12276882 1354 4.00052468876417 0.0100041954533972 0.0698349745246672
"356" -40.899663561 -17.62276882 1355 4.10309968078376 0.00999496003903283 0.0666789476925063
"357" -40.899663561 -18.12276882 1356 4.54884558834098 0.0127507513306242 0.0627927253190005
"358" -40.899663561 -18.62276882 1357 0.460135535478222 0.0019625329167817 0.0617598069697083
"359" -40.899663561 -19.12276882 1358 0.530865746897361 0.00209779292857236 0.0614024905847675
"360" -40.899663561 -19.62276882 1359 0.412215167199241 0.00177181585335528 0.0607601093550281
"361" -40.899663561 -20.12276882 1360 0.46191273621412 0.00286169936669299 0.0603840952949896
"362" -40.899663561 -20.62276882 1361 5.13505942090931 0.00966718442488059 0.060398604243358
"363" -40.899663561 -21.12276882 1362 5.38679636074855 0.0105522448780518 0.0618170364533294
"364" -40.399663561 -13.62276882 1393 4.73268755544907 0.0117914042499871 0.0657008774906774
"365" -40.399663561 -14.12276882 1394 1e-04 0 0.0625829505629747
"366" -40.399663561 -14.62276882 1395 1e-04 0 0.064420148347228
"367" -40.399663561 -15.12276882 1396 53.0124089064675 0.0367477524527918 0.0656124795290911
"368" -40.399663561 -15.62276882 1397 1e-04 0 0.0643065868737339
"369" -40.399663561 -16.12276882 1398 50.8808671968198 0.0358121104928183 0.0666908585940382
"370" -40.399663561 -16.62276882 1399 49.8920665535274 0.035606057845964 0.0657431596201533
"371" -40.399663561 -17.12276882 1400 49.1203637242664 0.0335764966393552 0.0651696214208113
"372" -40.399663561 -17.62276882 1401 49.1203637242664 0.0335764966393552 0.0651696214208113
"373" -40.399663561 -18.12276882 1402 0.342830861110779 0.0018485575671811 0.0633758640472954
"374" -40.399663561 -18.62276882 1403 0.460135535478222 0.00191809275233916 0.062124021726033
"375" -40.399663561 -19.12276882 1404 0.542660541272858 0.00207172898147734 0.0613707420967024
"376" -40.399663561 -19.62276882 1405 0.412215167199241 0.00177549505487433 0.0601580450753303
"377" -40.399663561 -20.12276882 1406 5.01835579770682 0.00944052457504216 0.0613551949183108
"378" -40.399663561 -20.62276882 1407 5.38554524631952 0.0100488607654358 0.0599355011775178
"379" -39.899663561 -13.12276882 1438 7.92789490553896 0.0137526104781122 0.0596196498066823
"380" -39.899663561 -13.62276882 1439 7.40727658519562 0.0114509490088944 0.0609531968413114
"381" -39.899663561 -14.12276882 1440 51.7838733437769 0.034968038022456 0.0619903586078511
"382" -39.899663561 -14.62276882 1441 50.3617934611442 0.0330240174635644 0.0606598314597512
"383" -39.899663561 -15.12276882 1442 6.96623880364939 0.0111914811354551 0.0610060580932738
"384" -39.899663561 -15.62276882 1443 53.9214664755244 0.0362617690348851 0.0644372295434799
"385" -39.899663561 -16.12276882 1444 6.00827281763143 0.00949803900386264 0.0646304260855109
"386" -39.899663561 -16.62276882 1445 49.8920665535274 0.034312861551873 0.0627889999393204
"387" -39.899663561 -17.12276882 1446 48.4161803386316 0.0311471985039868 0.0618954939873488
"388" -39.899663561 -17.62276882 1447 47.2634165210451 0.0307673694611738 0.0626427510463941
"389" -39.899663561 -18.12276882 1448 6.74149358339292 0.011502937618472 0.0645440837640916
"390" -39.899663561 -18.62276882 1449 6.00220395482291 0.01159657928998 0.0626747812575178
"391" -39.899663561 -19.12276882 1450 0.440352803624512 0.0020274761561325 0.0618663444303864
"392" -39.899663561 -19.62276882 1451 6.56794867718882 0.00911975174522247 0.0583340500341591
"393" -39.399663561 -12.12276882 1482 5.88237113752403 0.0146084184311626 0.0595785217242667
"394" -39.399663561 -12.62276882 1483 8.13117169798868 0.0141934433252722 0.0585241210540237
"395" -39.399663561 -13.12276882 1484 0.264882647526574 0.000820136932401149 0.0591304411828489
"396" -39.399663561 -13.62276882 1485 0.243978754300792 0.000722584612091589 0.0595350045642186
"397" -39.399663561 -14.12276882 1486 7.26181339052884 0.0110106454427296 0.0594207632195819
"398" -39.399663561 -14.62276882 1487 7.26181339052884 0.0109226217285098 0.059867823993283
"399" -39.399663561 -15.12276882 1488 7.26181339052884 0.0109226217285098 0.059867823993283
"400" -39.399663561 -15.62276882 1489 51.6277538801179 0.0344627764937509 0.0621703971725521
"401" -39.399663561 -16.12276882 1490 48.6939933173222 0.0327292623827352 0.0638317060562035
"402" -39.399663561 -16.62276882 1491 49.1282862045687 0.0307014273932437 0.0607031266534272
"403" -39.399663561 -17.12276882 1492 49.1282862045687 0.0307014273932437 0.0607031266534272
"404" -39.399663561 -17.62276882 1493 48.4161803386316 0.0311471985039868 0.0618954939873488
"405" -38.899663561 -12.12276882 1528 0.456238517727689 0.00276926700991195 0.0592805692494007
"406" -38.899663561 -12.62276882 1529 0.0833911543000016 0.00272286061517448 0.0577973653552878
"407" -38.899663561 -13.12276882 1530 0.0884391030454562 0.0028004560795864 0.0572449547270295
"408" -38.899663561 -15.62276882 1535 6.42744766537316 0.00964565040470751 0.0635206269864391
"409" -38.899663561 -16.12276882 1536 48.0049088198648 0.0317836497950992 0.0631682816357545
"410" -38.399663561 -12.12276882 1574 0.0810775111250015 0.00265791329402144 0.0589437326471049
"411" -38.399663561 -12.62276882 1575 0.0911997000156267 0.00286961130031675 0.0574201021320003
"412" -37.899663561 -11.12276882 1618 0.336879723042336 0.00233146028149257 0.0564667770379935
"413" -37.899663561 -11.62276882 1619 0.0972730133500018 0.0029579498705239 0.0570114525480722
"414" -37.899663561 -12.12276882 1620 0.0911997000156267 0.00286961130031675 0.0574201021320003
"415" -37.399663561 -10.62276882 1663 6.12525507417813 0.012824128451576 0.0588098869276274
"416" -37.399663561 -11.12276882 1664 0.104213942875002 0.0030858081196021 0.0547754232039073
"417" -37.399663561 -11.62276882 1665 0.104213942875002 0.0030858081196021 0.0547754232039073
"418" -36.899663561 -10.62276882 1709 6.0038032734358 0.0103656521894609 0.0595587308966306
"419" -36.399663561 -8.62276882 1751 45.0290734466202 0.0294828330136455 0.0600797788925101
"420" -36.399663561 -9.12276882 1752 4.86020215350001 0.0106998787417838 0.054547671832038
"421" -36.399663561 -9.62276882 1753 4.86020215350001 0.0105447212184441 0.0546568242536404
"422" -35.899663561 -8.12276882 1796 44.9549731054536 0.0283985681763031 0.0599415760592148
"423" -35.899663561 -8.62276882 1797 5.00747797633335 0.0105811198629044 0.0544495260586057
"424" -35.899663561 -9.12276882 1798 6.76891744309489 0.0089792131690938 0.0504037300251413
"425" -35.899663561 -9.62276882 1799 6.99454469119806 0.00949566210440747 0.0489258956670354
"426" -35.399663561 -7.62276882 1841 4.94815472641937 0.0116059052326138 0.0562368974442767
"427" -35.399663561 -8.12276882 1842 6.76891744309489 0.00926286138172337 0.0500565509278704
"428" -35.399663561 -8.62276882 1843 8.66580573744843 0.00993162421595246 0.0505063242854375
"429" -35.399663561 -9.12276882 1844 6.76891744309489 0.00922298910016603 0.0501612903730294
"430" -34.899663561 -7.62276882 1887 1e-04 0 0.0495344359208514
"431" -34.899663561 -8.12276882 1888 1e-04 0 0.0495344359208514
