"V1" "V2" "id" "mean_age_arrival" "diversification_model_based" "diversification"
"0" -55.399663561 -22.62276882 31 3.34029117967216 0.00158240373776091 0.0289182679853896
"1" -55.399663561 -23.12276882 32 2.88552451590035 0.0015439918822529 0.0285292096898115
"2" -55.399663561 -23.62276882 33 3.99590222547528 0.00163698612262305 0.0286638974776521
"3" -55.399663561 -28.12276882 42 4.12176295934881 0.00188329850109485 0.0290395391198916
"4" -54.899663561 -22.12276882 76 3.25816631820036 0.00070171866770539 0.0283910406261144
"5" -54.899663561 -22.62276882 77 3.32278735136402 0.00070171866770539 0.0283910406261144
"6" -54.899663561 -23.12276882 78 2.99570967899838 0.000736781231866157 0.0274622246411092
"7" -54.899663561 -23.62276882 79 3.27667639124503 0.000754604262498517 0.0279004949942237
"8" -54.899663561 -27.62276882 87 3.68328817643936 0.0182564268443335 0.0292201903743317
"9" -54.899663561 -28.12276882 88 3.01357262226691 0.00148547411166468 0.0291425466102596
"10" -54.399663561 -21.62276882 121 3.10346606533445 0.000712793126751677 0.0279322072265467
"11" -54.399663561 -22.12276882 122 3.1568833611412 0.000744168412351118 0.0281363909645694
"12" -54.399663561 -22.62276882 123 3.32599675548805 0.000744168412351118 0.0281363909645694
"13" -54.399663561 -23.12276882 124 2.8441448424971 0.000751687543816262 0.0274004830262996
"14" -54.399663561 -23.62276882 125 1e-04 0.00164327024388292 0.0285432462888391
"15" -54.399663561 -24.12276882 126 1e-04 0.00168484236887945 0.0284302477641452
"16" -54.399663561 -24.62276882 127 1e-04 0.0173008855869172 0.0290298881609418
"17" -54.399663561 -25.12276882 128 1e-04 0.00232706375121035 0.029286157178114
"18" -54.399663561 -25.62276882 129 3.84461135363768 0.0191043177090203 0.0295200776889785
"19" -54.399663561 -27.62276882 133 2.79823267988769 0.0178849485262967 0.02906065331751
"20" -54.399663561 -28.12276882 134 2.84235258691084 0.00150427798976005 0.0297703544895527
"21" -53.899663561 -22.12276882 168 3.14008275231649 0.000712793126751677 0.0279322072265467
"22" -53.899663561 -22.62276882 169 3.2676476896023 0.000726748155686352 0.0278946072010704
"23" -53.899663561 -23.12276882 170 0.144093886225789 0.000662511291239571 0.0270674620802475
"24" -53.899663561 -23.62276882 171 1e-04 0.000706889903524881 0.0275571880925451
"25" -53.899663561 -24.12276882 172 1e-04 0.000800885501766251 0.0279096869107523
"26" -53.899663561 -24.62276882 173 1e-04 0.0190512343719584 0.027115272262886
"27" -53.899663561 -25.12276882 174 1e-04 0.00254489069822159 0.027624015918687
"28" -53.899663561 -25.62276882 175 2.92113786874787 0.0199626836883574 0.0292758675445435
"29" -53.899663561 -26.12276882 176 1e-04 0.0196153751231653 0.0304372868691986
"30" -53.899663561 -26.62276882 177 2.63813684004101 0.0197229610252813 0.0294514546591611
"31" -53.899663561 -27.12276882 178 2.67008634308454 0.0188794588067299 0.0298592034762897
"32" -53.899663561 -27.62276882 179 1e-04 0.00168110557717483 0.0287695583895873
"33" -53.899663561 -28.12276882 180 2.86795641147395 0.00133279919705568 0.0300145464936427
"34" -53.899663561 -29.62276882 183 3.18542261168313 0.00239391550891425 0.0284474415021974
"35" -53.399663561 -22.12276882 214 3.37415267835305 0.000632472176868034 0.0286720565487957
"36" -53.399663561 -22.62276882 215 0.139085403226631 0.000588155724528764 0.0281455876638579
"37" -53.399663561 -23.12276882 216 0.135551876025954 0.000638845087498808 0.0279145171445784
"38" -53.399663561 -23.62276882 217 1e-04 0.0191094503828382 0.0278389510737947
"39" -53.399663561 -24.12276882 218 1e-04 0.0188855066308214 0.0274312841445515
"40" -53.399663561 -24.62276882 219 1e-04 0.000748819060387207 0.0284633295154165
"41" -53.399663561 -25.12276882 220 1e-04 0.0184872780964869 0.027863301582588
"42" -53.399663561 -25.62276882 221 1e-04 0.018667777150227 0.0277788203129341
"43" -53.399663561 -26.12276882 222 1e-04 0.00124567030696877 0.0285600983774932
"44" -53.399663561 -26.62276882 223 1e-04 0.00122772276872107 0.0287075625480597
"45" -53.399663561 -27.12276882 224 1e-04 0.00173098818050651 0.0291078978401229
"46" -53.399663561 -27.62276882 225 1e-04 0.00162273496444129 0.0293586659042475
"47" -53.399663561 -29.12276882 228 3.06597301374501 0.00142272727755385 0.0284381140930619
"48" -53.399663561 -29.62276882 229 3.07044602176818 0.00290398762872438 0.0280142503934284
"49" -52.899663561 -22.12276882 260 3.1319214997856 0.000624850664493103 0.0289124169493486
"50" -52.899663561 -22.62276882 261 3.0024559454718 0.000654185368195677 0.0284097020765652
"51" -52.899663561 -23.12276882 262 0.132193565050104 0.000695431542551554 0.0277004713503504
"52" -52.899663561 -23.62276882 263 0.134413624966912 0.0189830980921241 0.0277148034527625
"53" -52.899663561 -24.12276882 264 1e-04 0.000706915564410526 0.027303636477255
"54" -52.899663561 -24.62276882 265 1e-04 0.000730976889829293 0.0272542081431678
"55" -52.899663561 -25.12276882 266 1e-04 0.00149622396346196 0.027338584210302
"56" -52.899663561 -25.62276882 267 1e-04 0.00140106435638209 0.0280210020314153
"57" -52.899663561 -26.12276882 268 1e-04 0.00137762993708739 0.0280836546354885
"58" -52.899663561 -26.62276882 269 1e-04 0.00153922108649675 0.0281578353919345
"59" -52.899663561 -27.12276882 270 2.72974155997669 0.00145752329459918 0.0286654850537519
"60" -52.899663561 -27.62276882 271 2.81594076713385 0.00207064822983095 0.0283266960449432
"61" -52.899663561 -28.12276882 272 2.8689648764218 0.00174854209334326 0.0280606084599988
"62" -52.899663561 -28.62276882 273 3.08346468720119 0.00176815948713895 0.0286149462063564
"63" -52.899663561 -29.12276882 274 2.70676234987471 0.00152025274688041 0.0274538569612755
"64" -52.899663561 -29.62276882 275 3.46850875437979 0.00295802310708257 0.0276402184387928
"65" -52.399663561 -22.12276882 306 3.33297746002689 0.00064413282524977 0.0284795181983162
"66" -52.399663561 -22.62276882 307 3.43960916952622 0.000686129645162272 0.0285705281785934
"67" -52.399663561 -23.12276882 308 0.126951756913195 0.0175835333922253 0.0284305522424779
"68" -52.399663561 -23.62276882 309 0.134413624966912 0.00164699459934644 0.0281017904716135
"69" -52.399663561 -24.12276882 310 1e-04 0.00161928886318856 0.0274932690411255
"70" -52.399663561 -24.62276882 311 1e-04 0.0173605376620442 0.0280325477707211
"71" -52.399663561 -25.12276882 312 1e-04 0.00131634577936817 0.02809460314247
"72" -52.399663561 -25.62276882 313 1e-04 0.00155049535084331 0.0277151218378686
"73" -52.399663561 -26.12276882 314 1e-04 0.00153082547025743 0.0277282429176064
"74" -52.399663561 -26.62276882 315 1e-04 0.00156882285878781 0.0293695238875462
"75" -52.399663561 -27.12276882 316 2.99156711659189 0.00145961775793694 0.0283375385853539
"76" -52.399663561 -27.62276882 317 1e-04 0.00140671653804918 0.0274404063052498
"77" -52.399663561 -28.12276882 318 2.99236541238052 0.00118316708637328 0.0267955722343059
"78" -52.399663561 -28.62276882 319 2.74004910162705 0.00110620077454242 0.0263391658935879
"79" -52.399663561 -29.12276882 320 2.72944461373553 0.00161906293809825 0.0261781696899277
"80" -52.399663561 -29.62276882 321 3.30848597320662 0.00284119096517884 0.0264597710180076
"81" -51.899663561 -21.12276882 350 2.51210967737205 0.00143382796314993 0.02979091930339
"82" -51.899663561 -21.62276882 351 3.01017920481689 0.0014756560151945 0.0288386119461795
"83" -51.899663561 -22.12276882 352 3.05167020644607 0.0014756560151945 0.0288386119461795
"84" -51.899663561 -22.62276882 353 0.120275348654606 0.00154001876234056 0.02917179609097
"85" -51.899663561 -23.12276882 354 0.125952924181595 0.0015917523822935 0.0286612113285649
"86" -51.899663561 -23.62276882 355 0.132193565050104 0.0017456304228473 0.0284043491736678
"87" -51.899663561 -24.12276882 356 1e-04 0.0177207444777478 0.0276199498615427
"88" -51.899663561 -24.62276882 357 1e-04 0.017371006650735 0.0282722712505346
"89" -51.899663561 -25.12276882 358 1e-04 0.00144970210535399 0.0284121963781998
"90" -51.899663561 -25.62276882 359 1e-04 0.00142482638105907 0.0277341318102317
"91" -51.899663561 -26.12276882 360 1e-04 0.00148409356183866 0.0282965520302711
"92" -51.899663561 -26.62276882 361 1e-04 0.00155158040698206 0.0286229839022139
"93" -51.899663561 -27.12276882 362 1e-04 0.00161309045088348 0.0271262120065239
"94" -51.899663561 -27.62276882 363 1e-04 0.0016159488483766 0.0272502960139026
"95" -51.899663561 -28.12276882 364 1e-04 0.00108310736236765 0.0273495983536762
"96" -51.899663561 -28.62276882 365 2.60249835263155 0.0011739768058208 0.0266001704786738
"97" -51.899663561 -29.12276882 366 3.32187191979783 0.0015815515314593 0.0263856403882559
"98" -51.899663561 -29.62276882 367 3.26551992160654 0.00271535604637838 0.0260741413609301
"99" -51.399663561 -20.12276882 394 96.621039997736 0.00156395401364284 0.0285316022472396
"100" -51.399663561 -20.62276882 395 97.164773857894 0.00152803229608281 0.0289350773978813
"101" -51.399663561 -21.12276882 396 2.74838770383969 0.00150127926990227 0.0291941122227484
"102" -51.399663561 -21.62276882 397 2.7530733222537 0.00149972152658718 0.0286707424611573
"103" -51.399663561 -22.12276882 398 2.99298474756681 0.0014756560151945 0.0288386119461795
"104" -51.399663561 -22.62276882 399 3.14951127441909 0.0178745367365769 0.0291637311486307
"105" -51.399663561 -23.12276882 400 0.120275348654606 0.00163386948105196 0.0282368945779832
"106" -51.399663561 -23.62276882 401 0.126951756913195 0.0178937972950317 0.0281943183851204
"107" -51.399663561 -24.12276882 402 1e-04 0.0186453610471635 0.028165386886657
"108" -51.399663561 -24.62276882 403 1e-04 0.0183099739675316 0.0291270143464245
"109" -51.399663561 -25.12276882 404 1e-04 0.00142125985586378 0.028747786875659
"110" -51.399663561 -25.62276882 405 1e-04 0.00145188067466786 0.0285336644351123
"111" -51.399663561 -26.12276882 406 1e-04 0.00147716965680642 0.0292167841188512
"112" -51.399663561 -26.62276882 407 1e-04 0.00161786125466153 0.0284805730419071
"113" -51.399663561 -27.12276882 408 3.06447836403255 0.00164179751440539 0.0269388342530044
"114" -51.399663561 -27.62276882 409 2.7504433392516 0.00163335758571632 0.0268686203215459
"115" -51.399663561 -28.12276882 410 2.87934144719019 0.0010992377253393 0.0277267595096809
"116" -51.399663561 -28.62276882 411 2.63311480383898 0.00109382308313821 0.0274833819588467
"117" -51.399663561 -29.12276882 412 3.32187191979783 0.00135942976177307 0.0265533980706642
"118" -51.399663561 -29.62276882 413 3.40815170992245 0.00307664197233529 0.0272913177728901
"119" -50.899663561 -18.62276882 437 99.1459928157374 0.00142447702304652 0.0301215132337973
"120" -50.899663561 -19.12276882 438 99.8750067335002 0.00141564981876847 0.0298580090528874
"121" -50.899663561 -19.62276882 439 98.3252932195926 0.00159225290242257 0.0292933213128173
"122" -50.899663561 -20.12276882 440 97.1115439779825 0.00171426366582676 0.0283064283992275
"123" -50.899663561 -20.62276882 441 97.1307926846291 0.00150127926990227 0.0291941122227484
"124" -50.899663561 -21.12276882 442 96.54048779585 0.00150127926990227 0.0291941122227484
"125" -50.899663561 -21.62276882 443 2.6554501547979 0.00149972152658718 0.0286707424611573
"126" -50.899663561 -22.12276882 444 2.95022925117299 0.0014756560151945 0.0288386119461795
"127" -50.899663561 -22.62276882 445 3.10319640273646 0.00157839953512809 0.0286147225245746
"128" -50.899663561 -23.12276882 446 3.14951127441909 0.00155452302689907 0.0283879363607858
"129" -50.899663561 -23.62276882 447 0.125952924181595 0.0173577555432675 0.0265061895730897
"130" -50.899663561 -24.12276882 448 1e-04 0.0170832643078169 0.027065643948832
"131" -50.899663561 -24.62276882 449 1e-04 0.0173213493256224 0.0274494432351051
"132" -50.899663561 -25.12276882 450 1e-04 0.00138816010293426 0.0270677288214737
"133" -50.899663561 -25.62276882 451 1e-04 0.00142486849259654 0.028915527543646
"134" -50.899663561 -26.12276882 452 1e-04 0.00144210829239079 0.0291850256282272
"135" -50.899663561 -26.62276882 453 3.2689892768646 0.00166004780905934 0.0278175565546283
"136" -50.899663561 -27.12276882 454 2.8650900196542 0.00171296972763145 0.0277270019616999
"137" -50.899663561 -27.62276882 455 2.74134453643174 0.00139656876590516 0.0276701703439727
"138" -50.899663561 -28.12276882 456 2.81650141074528 0.00102654019317201 0.0283805435507965
"139" -50.899663561 -28.62276882 457 2.67193906780467 0.00114338444382399 0.0270656501745191
"140" -50.899663561 -29.12276882 458 3.19454112357075 0.00116237929562529 0.0273528154592889
"141" -50.899663561 -29.62276882 459 3.45299449557933 0.00194533027219342 0.0272421746609047
"142" -50.399663561 -18.62276882 483 99.8143019703627 0.00140076909204071 0.0306128746013861
"143" -50.399663561 -19.12276882 484 97.7044191097204 0.00149635066582275 0.0301579971117799
"144" -50.399663561 -19.62276882 485 100.068755878226 0.00156888801157165 0.0294380774241869
"145" -50.399663561 -20.12276882 486 96.8782204369646 0.0016349026376877 0.0289529991873168
"146" -50.399663561 -20.62276882 487 96.3795952560925 0.00150127926990227 0.0291941122227484
"147" -50.399663561 -21.12276882 488 94.7254624462479 0.00150127926990227 0.0291941122227484
"148" -50.399663561 -21.62276882 489 2.58219911604485 0.00153737717081151 0.0282777854635285
"149" -50.399663561 -22.12276882 490 2.86828121641819 0.00153737717081151 0.0282777854635285
"150" -50.399663561 -22.62276882 491 2.97207965332506 0.00161532637112739 0.0288816943954846
"151" -50.399663561 -23.12276882 492 3.10319640273646 0.00144236671969524 0.0275844171329682
"152" -50.399663561 -23.62276882 493 0.121185767962595 0.0184003325318163 0.0270900121905875
"153" -50.399663561 -24.12276882 494 1e-04 0.0178449497780919 0.027778224430141
"154" -50.399663561 -24.62276882 495 1e-04 0.0179389193851646 0.0273408749789774
"155" -50.399663561 -25.12276882 496 1e-04 0.000873927488509308 0.0279112713910417
"156" -50.399663561 -25.62276882 497 1e-04 0.00108992526710193 0.0278687746576091
"157" -50.399663561 -26.12276882 498 2.90302579048527 0.00120753730906564 0.029098380621382
"158" -50.399663561 -26.62276882 499 3.15667950033349 0.00128307722353476 0.0288477768151514
"159" -50.399663561 -27.12276882 500 3.20762901234594 0.00138431699231121 0.0286246308801904
"160" -50.399663561 -27.62276882 501 3.12378363203443 0.000930411379981165 0.0259822566483659
"161" -50.399663561 -28.12276882 502 3.02822914342429 0.00160544041074139 0.0277773172698744
"162" -50.399663561 -28.62276882 503 2.6359705283536 0.00360969754687063 0.0289497406721509
"163" -50.399663561 -29.12276882 504 2.8125621766365 0.0038162567953819 0.0299627781377972
"164" -50.399663561 -29.62276882 505 3.3843711964904 0.00221644414148105 0.0291958015424343
"165" -49.899663561 -18.62276882 529 99.1007648947249 0.00134123857894016 0.0293294049210523
"166" -49.899663561 -20.12276882 532 97.5778088506565 0.00164222624414288 0.0282610786651539
"167" -49.899663561 -20.62276882 533 96.1667704403593 0.00144162874933732 0.0291727571034436
"168" -49.899663561 -21.12276882 534 95.9567277571406 0.00138308430445542 0.0297311443206753
"169" -49.899663561 -21.62276882 535 2.58219911604485 0.00137953150184357 0.0292012107117256
"170" -49.899663561 -22.12276882 536 2.61549799134995 0.00137953150184357 0.0292012107117256
"171" -49.899663561 -22.62276882 537 2.91059041911833 0.00137466813863583 0.0286272634350131
"172" -49.899663561 -23.12276882 538 3.01574028354539 0.00128452036616891 0.0279732856255098
"173" -49.899663561 -23.62276882 539 0.120275348654606 0.0168919007280326 0.0279823104496841
"174" -49.899663561 -24.12276882 540 1e-04 0.017376373574738 0.0283145426962118
"175" -49.899663561 -24.62276882 541 1e-04 0.0176395500551425 0.0268719769187294
"176" -49.899663561 -25.12276882 542 2.99277025270687 0.0016689223046724 0.0270098616015593
"177" -49.899663561 -25.62276882 543 3.11643431273608 0.00161723474693366 0.026678394111214
"178" -49.899663561 -26.12276882 544 3.30949924126549 0.00159160080893462 0.0276626698062182
"179" -49.899663561 -26.62276882 545 3.02840339886917 0.0165000927075044 0.0269565903552761
"180" -49.899663561 -27.12276882 546 3.24822841068169 0.0169048192466857 0.0280470312253427
"181" -49.899663561 -27.62276882 547 2.79220695007197 0.00161947790315849 0.0280137538722289
"182" -49.899663561 -28.12276882 548 2.59415407107277 0.0173077082656737 0.0301975035313085
"183" -49.899663561 -28.62276882 549 1e-04 0.00365053081233786 0.0300877914125474
"184" -49.899663561 -29.12276882 550 2.38504560352511 0.00374224159534017 0.0299522474065265
"185" -49.899663561 -29.62276882 551 2.35142026090952 0.00185797947578341 0.0293062281441079
"186" -49.399663561 -18.62276882 575 100.326452790473 0.00129328967615579 0.0285726859308636
"187" -49.399663561 -20.12276882 578 98.8078311120059 0.00153999910519897 0.0290543071433822
"188" -49.399663561 -20.62276882 579 97.9674964585988 0.00144162874933732 0.0291727571034436
"189" -49.399663561 -21.12276882 580 96.5245672891076 0.00135338407684429 0.0293952438082493
"190" -49.399663561 -21.62276882 581 96.9589096250112 0.00128510282559737 0.0296426159302491
"191" -49.399663561 -22.12276882 582 98.3173873430083 0.00128940784421047 0.0283182070537201
"192" -49.399663561 -23.12276882 584 2.85533857204875 0.00108856026987362 0.0285240213735594
"193" -49.399663561 -23.62276882 585 2.81870309119171 0.0010997620484462 0.0297837383516659
"194" -49.399663561 -24.62276882 587 1e-04 0.0171332601976701 0.0285837970616002
"195" -49.399663561 -25.12276882 588 1e-04 0.00122161958670239 0.0276653243477875
"196" -49.399663561 -25.62276882 589 1e-04 0.00175189642174455 0.0270843404961672
"197" -49.399663561 -26.12276882 590 3.47858040111068 0.00306391146110868 0.0281214676205879
"198" -49.399663561 -26.62276882 591 2.82276711474543 0.00325377973010032 0.0282587886100321
"199" -49.399663561 -27.12276882 592 2.76849695096914 0.00282855905555645 0.028850964219165
"200" -49.399663561 -27.62276882 593 2.5404311070086 0.00302568265290678 0.0298019999591745
"201" -49.399663561 -28.12276882 594 2.62578664330545 0.0194034849748533 0.0307915826909681
"202" -49.399663561 -28.62276882 595 1e-04 0.00380509261964303 0.029888270963628
"203" -48.899663561 -18.12276882 620 99.0008820988617 0.00122369739178768 0.0285227329118468
"204" -48.899663561 -18.62276882 621 101.958061168579 0.00132211205126885 0.0280343229078556
"205" -48.899663561 -20.62276882 625 98.5291563343382 0.00125805957177135 0.0306059145590848
"206" -48.899663561 -21.12276882 626 96.1374548132732 0.00123602294222448 0.0309453107105506
"207" -48.899663561 -21.62276882 627 96.3467154616921 0.00125736987421675 0.0306159093576839
"208" -48.899663561 -22.12276882 628 96.6542555191061 0.00114659158309675 0.0286522473357306
"209" -48.899663561 -24.12276882 632 1e-04 0.0177049006041635 0.0286845350325324
"210" -48.899663561 -24.62276882 633 1e-04 0.0182896272723993 0.02887666804055
"211" -48.899663561 -25.12276882 634 1e-04 0.00293632124118632 0.0284928551003454
"212" -48.899663561 -25.62276882 635 2.99802513734656 0.0031457317938924 0.0282459852062368
"213" -48.899663561 -26.12276882 636 3.01322834883054 0.00290747713934085 0.0286040951551786
"214" -48.899663561 -26.62276882 637 3.27987123787118 0.00311130035745847 0.0285626659551516
"215" -48.899663561 -27.12276882 638 2.5964194342789 0.0188738159612675 0.0287749738114768
"216" -48.899663561 -27.62276882 639 2.62802873138821 0.0188834600896264 0.0291093412452841
"217" -48.899663561 -28.12276882 640 2.63348152685343 0.0195302291389998 0.0295752275682811
"218" -48.899663561 -28.62276882 641 1e-04 0.00403460478297301 0.0288386036342186
"219" -48.399663561 -18.12276882 666 100.820076869575 0.0011878431782509 0.0278869102678392
"220" -48.399663561 -18.62276882 667 102.592769596431 0.00127212977661029 0.0275197296264144
"221" -48.399663561 -22.12276882 674 96.3757540924017 0.00113136342449105 0.0284742267491266
"222" -48.399663561 -23.12276882 676 3.09216392887417 0.017491775345947 0.0286455322375542
"223" -48.399663561 -23.62276882 677 2.76972399382004 0.0183065665883035 0.0293995493660788
"224" -48.399663561 -24.12276882 678 1e-04 0.019139470287167 0.0291560009704738
"225" -48.399663561 -24.62276882 679 2.3034157990833 0.0189272437965216 0.0286860723047449
"226" -48.399663561 -25.12276882 680 1e-04 0.0184232102925723 0.0283135502196583
"227" -48.399663561 -25.62276882 681 1e-04 0.0184892672004285 0.0280924809280497
"228" -47.899663561 -23.12276882 722 3.0221500567432 0.0178660157994744 0.0287616466112865
"229" -47.899663561 -23.62276882 723 2.67338400722547 0.0181093510083311 0.0283896049061649
"230" -47.899663561 -24.12276882 724 1e-04 0.0192447136210843 0.0287132157292305
"231" -47.899663561 -24.62276882 725 2.26250718379133 0.0190124258267009 0.0288655339370515
"232" -47.899663561 -25.12276882 726 1e-04 0.0197038561002652 0.0280588861211209
"233" -47.399663561 -21.62276882 765 95.6207925726217 0.00108582801669525 0.0291004491958294
"234" -47.399663561 -22.12276882 766 95.9272581090893 0.000953309719196537 0.0287482493337745
"235" -47.399663561 -22.62276882 767 2.64475219049085 0.018525406399811 0.0281482802902498
"236" -47.399663561 -23.12276882 768 3.00466266297443 0.0185649759215825 0.0287894699151441
"237" -47.399663561 -23.62276882 769 2.67061477504071 0.0194357486875726 0.028917603807438
"238" -47.399663561 -24.12276882 770 2.29776148346931 0.0192131050561487 0.028557362812862
"239" -47.399663561 -24.62276882 771 2.38623257665492 0.0194676655418765 0.0289014272887149
"240" -46.899663561 -20.62276882 809 106.007194919333 0.00120959630743069 0.027779382375895
"241" -46.899663561 -21.12276882 810 100.18984849301 0.00109763319531146 0.0274291267029846
"242" -46.899663561 -21.62276882 811 96.9470860885757 0.00105401574169018 0.0287850900837705
"243" -46.899663561 -22.62276882 813 2.79078989248283 0.0184859687736578 0.0292241983954191
"244" -46.899663561 -23.12276882 814 2.95871656649626 0.0184800779952402 0.0283243350336864
"245" -46.899663561 -23.62276882 815 2.7210018462679 0.0195969556253029 0.0286710387657988
"246" -46.899663561 -24.12276882 816 2.42459387598869 0.0196394626489694 0.0286319274901728
"247" -46.399663561 -21.12276882 856 101.459026439224 0.00100550811287049 0.0274142070297876
"248" -46.399663561 -21.62276882 857 103.110430086772 0.0169881200120137 0.0284981637851203
"249" -46.399663561 -22.12276882 858 100.714420621982 0.0176601756983565 0.0283958838696556
"250" -46.399663561 -22.62276882 859 99.4290085207129 0.018342440413165 0.0289745836936072
"251" -46.399663561 -23.12276882 860 2.73305133376703 0.0191516167824504 0.0287923482002598
"252" -46.399663561 -23.62276882 861 2.52580301422359 0.0205279042452085 0.0290973574803973
"253" -45.899663561 -21.12276882 902 104.578435585694 0.000969545717068956 0.0285808654650098
"254" -45.899663561 -21.62276882 903 103.698483484046 0.0174615736936614 0.0284335903746203
"255" -45.899663561 -22.12276882 904 102.200337583125 0.017904523828173 0.0282997211918177
"256" -45.899663561 -22.62276882 905 102.539663011407 0.0192711291758776 0.0292342362802009
"257" -45.899663561 -23.12276882 906 103.045346071775 0.0201458079378657 0.0292335504041315
"258" -45.899663561 -23.62276882 907 100.649358875321 0.0209111835798634 0.029391563853774
"259" -45.399663561 -20.12276882 946 105.975284963655 0.0011408851347339 0.0292833763912619
"260" -45.399663561 -20.62276882 947 106.519621055342 0.000930675751489008 0.0277422622026275
"261" -45.399663561 -21.12276882 948 106.010431229838 0.0173943504706006 0.0276505205798137
"262" -45.399663561 -21.62276882 949 102.565759392677 0.0169407874831936 0.0282445390019992
"263" -45.399663561 -22.12276882 950 103.35400955391 0.0183261775923143 0.0282835293909222
"264" -45.399663561 -22.62276882 951 104.9447754972 0.0196684608649519 0.029717418428726
"265" -45.399663561 -23.12276882 952 100.538341124944 0.0207163579055722 0.0295372286134269
"266" -45.399663561 -23.62276882 953 98.4089510230805 0.0218330297588202 0.0301740550160296
"267" -44.899663561 -19.62276882 991 107.088504897166 0.00113881721407509 0.0282377315776919
"268" -44.899663561 -20.62276882 993 105.460188162326 0.0172376597314953 0.0279874116525807
"269" -44.899663561 -21.12276882 994 103.220656860264 0.0174755129596182 0.0280240516134753
"270" -44.899663561 -21.62276882 995 105.404086437114 0.0174891308147415 0.0283136940177329
"271" -44.899663561 -22.12276882 996 102.611274535827 0.0201969327080865 0.0288332151577827
"272" -44.899663561 -22.62276882 997 101.403576264216 0.020965915416695 0.0288882098550484
"273" -44.899663561 -23.12276882 998 100.420803740405 0.0209844715558958 0.0287343681888135
"274" -44.399663561 -20.12276882 1038 108.46576949468 0.0178005108837298 0.0282308541350269
"275" -44.399663561 -20.62276882 1039 108.264091891659 0.0179463590950463 0.0285192663742206
"276" -44.399663561 -21.12276882 1040 104.245351758121 0.0181044349326052 0.0285678706486394
"277" -44.399663561 -21.62276882 1041 102.489151925956 0.0174937804615377 0.0276814933036934
"278" -44.399663561 -22.12276882 1042 100.816906895943 0.0188969628057624 0.0278327380365024
"279" -44.399663561 -22.62276882 1043 98.3862557181048 0.0213090964483433 0.0290530048070688
"280" -43.899663561 -20.12276882 1084 103.097088216777 0.0192548399031743 0.0289056386072047
"281" -43.899663561 -20.62276882 1085 104.028538938662 0.017959925171853 0.0276242445806959
"282" -43.899663561 -21.12276882 1086 102.891875446893 0.0178344472284549 0.0277369656742476
"283" -43.899663561 -21.62276882 1087 101.570093018758 0.0179113932677458 0.027438419830159
"284" -43.899663561 -22.12276882 1088 100.334516869841 0.0179473582089966 0.0268736980278501
"285" -43.899663561 -22.62276882 1089 101.298154179547 0.0194268277896089 0.0273994054001732
"286" -43.399663561 -18.62276882 1127 107.760292764861 0.00520764194792817 0.0279278150169979
"287" -43.399663561 -19.12276882 1128 102.663190091583 0.017227197170117 0.0278379451401036
"288" -43.399663561 -19.62276882 1129 101.431635442984 0.0184980049011846 0.0285292554770818
"289" -43.399663561 -20.12276882 1130 3.5381553460401 0.01841966562294 0.0278478548200477
"290" -43.399663561 -20.62276882 1131 102.018941506499 0.0174220033605312 0.0268898424668497
"291" -43.399663561 -21.12276882 1132 105.159057160294 0.0171553169682904 0.0265009167797537
"292" -43.399663561 -21.62276882 1133 100.874455678438 0.0178183672222851 0.0272758496806722
"293" -43.399663561 -22.12276882 1134 101.174744544915 0.0188550195774441 0.0273726218170037
"294" -43.399663561 -22.62276882 1135 97.6066694620788 0.0194900094548484 0.0269841171743762
"295" -42.899663561 -17.62276882 1171 109.068276323509 0.0155138422777732 0.0297896297144872
"296" -42.899663561 -18.12276882 1172 107.850697715157 0.0147762741205715 0.028735785884463
"297" -42.899663561 -18.62276882 1173 107.332542147818 0.00519729882313914 0.0277184644218973
"298" -42.899663561 -19.12276882 1174 106.549585341912 0.015628074058125 0.0275033323807603
"299" -42.899663561 -19.62276882 1175 105.42880568239 0.0157987204312222 0.0273928598917168
"300" -42.899663561 -20.12276882 1176 105.547088527992 0.0164556957370426 0.0272583763169183
"301" -42.899663561 -20.62276882 1177 104.448333639539 0.0168859881186869 0.0261178392077058
"302" -42.899663561 -21.12276882 1178 3.37752359724831 0.0175841078725188 0.0265095034855254
"303" -42.899663561 -21.62276882 1179 3.13481464125772 0.0184748070989404 0.0266500431253136
"304" -42.899663561 -22.12276882 1180 99.0178135608564 0.0191287605418241 0.0269816183091282
"305" -42.899663561 -22.62276882 1181 96.0426425627872 0.0193282987412576 0.027025904236819
"306" -42.399663561 -15.12276882 1212 106.093481621177 0.0161939031566425 0.0283431438793833
"307" -42.399663561 -15.62276882 1213 105.486390182467 0.014253262942185 0.0281782461929778
"308" -42.399663561 -17.62276882 1217 111.198867267961 0.0157491351983373 0.0295739156522347
"309" -42.399663561 -18.12276882 1218 112.984498781035 0.0154070200166519 0.0285698917010701
"310" -42.399663561 -18.62276882 1219 110.833074574482 0.00134894200531722 0.0278570208899379
"311" -42.399663561 -19.12276882 1220 109.090130950733 0.0162535805907168 0.0279770168102613
"312" -42.399663561 -19.62276882 1221 106.601180258327 0.0168360319206314 0.0281299496643511
"313" -42.399663561 -20.12276882 1222 104.460723085262 0.0165232610129542 0.0264196802276082
"314" -42.399663561 -20.62276882 1223 4.24140180993408 0.0164814126452976 0.0263709907196114
"315" -42.399663561 -21.12276882 1224 3.64508501890647 0.0174489873138416 0.0263819281297995
"316" -42.399663561 -21.62276882 1225 3.2442984212326 0.0180001806916857 0.0272008521009907
"317" -42.399663561 -22.12276882 1226 97.9770277926766 0.0178810833320579 0.0263000723647027
"318" -42.399663561 -22.62276882 1227 97.6443997181463 0.0179739038638496 0.0266492247393931
"319" -41.899663561 -15.12276882 1258 103.634423939062 0.0166533472726894 0.0276551532570909
"320" -41.899663561 -15.62276882 1259 104.170526453756 0.0171007264458327 0.0279509764528049
"321" -41.899663561 -16.12276882 1260 105.100545413008 0.00222853130542827 0.0270449936887772
"322" -41.899663561 -16.62276882 1261 106.627433446507 0.00217507137068807 0.0266151275861227
"323" -41.899663561 -17.12276882 1262 107.222807370131 0.00261575016339742 0.0271824203468782
"324" -41.899663561 -17.62276882 1263 110.858665606148 0.00306323569447257 0.0266508389795998
"325" -41.899663561 -18.12276882 1264 112.87423426253 0.00279502623101842 0.026836360504429
"326" -41.899663561 -18.62276882 1265 109.090130950733 0.0014545138873057 0.0278830894483975
"327" -41.899663561 -19.12276882 1266 106.037896802737 0.0164872949345762 0.0283401813183617
"328" -41.899663561 -19.62276882 1267 103.15093326483 0.0160313011878449 0.0271039266693646
"329" -41.899663561 -20.12276882 1268 4.21156427975568 0.0167332652153244 0.0267299346451966
"330" -41.899663561 -20.62276882 1269 4.38046088566962 0.0158655841667524 0.0260775982334503
"331" -41.899663561 -21.12276882 1270 3.30071926334099 0.0170585444462114 0.0265823991234766
"332" -41.899663561 -21.62276882 1271 102.658005221782 0.0175611633674801 0.0265247316207139
"333" -41.899663561 -22.12276882 1272 3.3726115017744 0.0177738920707744 0.0265909469626625
"334" -41.899663561 -22.62276882 1273 107.042158430008 0.0178804862960232 0.0270718279021264
"335" -41.399663561 -15.12276882 1304 4.09780589537144 0.0171210439076724 0.0276498398212334
"336" -41.399663561 -15.62276882 1305 106.13228052812 0.00217785867100189 0.025591367152064
"337" -41.399663561 -16.12276882 1306 107.529530294365 0.00188114795817763 0.025450464489966
"338" -41.399663561 -16.62276882 1307 112.164145213348 0.00231453025424247 0.0260045272046458
"339" -41.399663561 -17.12276882 1308 111.621433247193 0.00285332738511193 0.026494484980541
"340" -41.399663561 -17.62276882 1309 109.948301444752 0.00264587755883069 0.0258528274918582
"341" -41.399663561 -18.12276882 1310 108.948772340709 0.00256820218240133 0.0255773558015818
"342" -41.399663561 -18.62276882 1311 111.006607012532 0.00268389066893892 0.0257043036025469
"343" -41.399663561 -19.12276882 1312 106.053684170377 0.00291178354381796 0.0248492146574994
"344" -41.399663561 -19.62276882 1313 102.445621664452 0.00265710561289787 0.0249624070309231
"345" -41.399663561 -20.12276882 1314 99.6697735418772 0.0178131285058895 0.0266895016093908
"346" -41.399663561 -20.62276882 1315 3.41966049805599 0.0171213723134686 0.0265501654461086
"347" -41.399663561 -21.12276882 1316 3.54749453536649 0.017259073000501 0.0264276096526218
"348" -41.399663561 -21.62276882 1317 3.44074304726479 0.0171202864059961 0.026191762706652
"349" -41.399663561 -22.12276882 1318 112.133825674532 0.0171260879355791 0.0269147684520329
"350" -40.899663561 -14.62276882 1349 5.3523800636253 0.00208576911828913 0.0253502718972212
"351" -40.899663561 -15.12276882 1350 4.48887786160438 0.00209627797635019 0.0248120743590424
"352" -40.899663561 -15.62276882 1351 4.79064444053576 0.00222393375410668 0.0250883816879055
"353" -40.899663561 -16.12276882 1352 109.888532592301 0.00299873659528553 0.025079383911164
"354" -40.899663561 -16.62276882 1353 108.4386437076 0.00304414462189496 0.0250855422101436
"355" -40.899663561 -17.12276882 1354 109.671443859469 0.00264090594805574 0.0247759806078885
"356" -40.899663561 -17.62276882 1355 108.225692110787 0.00247227533216198 0.0241720383085044
"357" -40.899663561 -18.12276882 1356 104.97716692299 0.00263782657702002 0.0240024366478943
"358" -40.899663561 -18.62276882 1357 106.587289864397 0.00287725170023255 0.0245184418063571
"359" -40.899663561 -19.12276882 1358 106.083537543938 0.00341135372168643 0.0250796140499114
"360" -40.899663561 -19.62276882 1359 100.554390499828 0.00372707338166906 0.0251196508097601
"361" -40.899663561 -20.12276882 1360 3.48240472737811 0.00335867373989021 0.0251282608105806
"362" -40.899663561 -20.62276882 1361 102.503403205128 0.0174224514824652 0.0260691391635033
"363" -40.899663561 -21.12276882 1362 3.29781349230752 0.0180454346425959 0.0266633836006002
"364" -40.399663561 -13.62276882 1393 6.07468603903382 0.0022003889992514 0.0252584409441794
"365" -40.399663561 -14.12276882 1394 6.06116445995223 0.00198561532680267 0.0250221144431948
"366" -40.399663561 -14.62276882 1395 4.81010857008971 0.00272768577102129 0.0248256119380309
"367" -40.399663561 -15.12276882 1396 4.71146188779964 0.00323653853457016 0.0246387754863466
"368" -40.399663561 -15.62276882 1397 4.91453783123928 0.00297839060518305 0.0238040459014951
"369" -40.399663561 -16.12276882 1398 105.378488025102 0.0029074396510777 0.023534788516031
"370" -40.399663561 -16.62276882 1399 104.559715827761 0.00286682448359632 0.0232015415482962
"371" -40.399663561 -17.12276882 1400 104.758133467178 0.00278453852851215 0.0237642211937199
"372" -40.399663561 -17.62276882 1401 104.437924222441 0.00291301398407526 0.024321200508389
"373" -40.399663561 -18.12276882 1402 101.872912536808 0.00425077985822488 0.0251182096271686
"374" -40.399663561 -18.62276882 1403 101.710284931864 0.00437172306141497 0.0250781124802423
"375" -40.399663561 -19.12276882 1404 103.314557168418 0.00443844057372401 0.0251284065334992
"376" -40.399663561 -19.62276882 1405 3.47014843370596 0.0041628985163691 0.0251571355362487
"377" -40.399663561 -20.12276882 1406 100.952294435814 0.00379975556739161 0.0254383580471584
"378" -40.399663561 -20.62276882 1407 98.7184360093812 0.0172275923455155 0.0266328485173612
"379" -39.899663561 -13.12276882 1438 6.15369979521867 0.00349054898693946 0.0230371732554376
"380" -39.899663561 -13.62276882 1439 6.01593263562423 0.00398659531775471 0.0241132506681579
"381" -39.899663561 -14.12276882 1440 5.31573497424845 0.00347294790229097 0.0240471361789085
"382" -39.899663561 -14.62276882 1441 4.47628579105669 0.00337971819373416 0.0239805983630926
"383" -39.899663561 -15.12276882 1442 4.75072323686463 0.00351413646026145 0.0234627170554579
"384" -39.899663561 -15.62276882 1443 5.11793480696434 0.00399336865607657 0.0236760341834993
"385" -39.899663561 -16.12276882 1444 5.22260361636454 0.00378359468608333 0.024332123825126
"386" -39.899663561 -16.62276882 1445 5.22521488741003 0.00409479323616105 0.0240891404512425
"387" -39.899663561 -17.12276882 1446 100.647324922289 0.00446213902202103 0.0242222610744922
"388" -39.899663561 -17.62276882 1447 102.790776664755 0.00460939721714658 0.0246043188014547
"389" -39.899663561 -18.12276882 1448 103.05756432114 0.0045763844058148 0.0249421438537664
"390" -39.899663561 -18.62276882 1449 100.518032893248 0.00441443158315288 0.0251490243221909
"391" -39.899663561 -19.12276882 1450 103.41394622587 0.00452403612810121 0.0254334663908528
"392" -39.899663561 -19.62276882 1451 102.819487873138 0.00480874393916323 0.0254291841286134
"393" -39.399663561 -12.12276882 1482 6.04860576933747 0.00350409754610033 0.025197386759502
"394" -39.399663561 -12.62276882 1483 5.98645668951267 0.00402586135264881 0.0236504575662995
"395" -39.399663561 -13.12276882 1484 6.65913471307805 0.00468756640989466 0.0234616472001389
"396" -39.399663561 -13.62276882 1485 5.37920830268025 0.00414584754362644 0.0233821460358255
"397" -39.399663561 -14.12276882 1486 4.92749449557436 0.00404366139020411 0.0235256998221666
"398" -39.399663561 -14.62276882 1487 5.40013687276881 0.0038661497545263 0.0234485057788068
"399" -39.399663561 -15.12276882 1488 5.61837967693493 0.00492055756517171 0.024733429724356
"400" -39.399663561 -15.62276882 1489 5.08753886766546 0.0047958495870095 0.0247310862461255
"401" -39.399663561 -16.12276882 1490 5.56748593065277 0.00498179149342421 0.0245769197017552
"402" -39.399663561 -16.62276882 1491 4.58778637810463 0.00488825091718681 0.0243121805106467
"403" -39.399663561 -17.12276882 1492 4.31994072875223 0.0053173620233183 0.0238664145333555
"404" -39.399663561 -17.62276882 1493 4.27006768585471 0.00464624050326547 0.0242505281471067
"405" -38.899663561 -12.12276882 1528 5.27551959311977 0.00398369414012447 0.025284412617426
"406" -38.899663561 -12.62276882 1529 5.09360857266736 0.00420275720680578 0.024633916746085
"407" -38.899663561 -13.12276882 1530 5.30652484138777 0.00501879852369657 0.0235436058798312
"408" -38.899663561 -15.62276882 1535 4.69664364634549 0.00477642669846049 0.0241825705089334
"409" -38.899663561 -16.12276882 1536 5.03211104965589 0.00483567673109742 0.0241026713429213
"410" -38.399663561 -12.12276882 1574 5.72550498213104 0.00421576989852612 0.0250704443479277
"411" -38.399663561 -12.62276882 1575 4.47906540287483 0.0048467640483954 0.0250737145042686
"412" -37.899663561 -11.12276882 1618 5.30682539254244 0.0033580760368125 0.024607771570741
"413" -37.899663561 -11.62276882 1619 5.30682539254244 0.00331174041118507 0.0244193668612069
"414" -37.899663561 -12.12276882 1620 3.68028216203604 0.00376572233591654 0.0240706340333998
"415" -37.399663561 -10.62276882 1663 6.97000178334362 0.0031435285329185 0.0248933142517111
"416" -37.399663561 -11.12276882 1664 5.87543792000649 0.00329048978687206 0.0248545930240131
"417" -37.399663561 -11.62276882 1665 3.99685697167355 0.00375419660668069 0.0241383011688549
"418" -36.899663561 -10.62276882 1709 7.32927507114484 0.00346385463776119 0.0247515993242067
"419" -36.399663561 -8.62276882 1751 8.08406578216336 0.00246798516011269 0.0243710055465996
"420" -36.399663561 -9.12276882 1752 7.77542990393499 0.00286889648487544 0.023237896453961
"421" -36.399663561 -9.62276882 1753 7.13103500000294 0.00297269045812092 0.0228672646821903
"422" -35.899663561 -8.12276882 1796 7.6262695662063 0.00164692743507186 0.023359998573922
"423" -35.899663561 -8.62276882 1797 7.63848882627752 0.00245463692082763 0.0239437893156272
"424" -35.899663561 -9.12276882 1798 5.93490164746325 0.00284016027283444 0.0232299994689148
"425" -35.899663561 -9.62276882 1799 5.96781209200622 0.00289518630095567 0.0231273783589538
"426" -35.399663561 -7.62276882 1841 6.99677257579453 0.00148687791445728 0.0235680407636323
"427" -35.399663561 -8.12276882 1842 6.46865640913219 0.00177711227519833 0.0232685274230933
"428" -35.399663561 -8.62276882 1843 6.58719011972883 0.00263586361231318 0.0227030867714006
"429" -35.399663561 -9.12276882 1844 5.51534504244057 0.003039355771811 0.0228728464321379
"430" -34.899663561 -7.62276882 1887 4.44161208501275 0.00171676337032686 0.0253162105712091
"431" -34.899663561 -8.12276882 1888 4.50329975286015 0.00208322938199202 0.0247665343964304
