"V1" "V2" "id" "mean_age_arrival" "diversification_model_based" "diversification"
"0" -55.399663561 -22.62276882 31 0.579188723983139 0.00149943462133158 0.0539186272754078
"1" -55.399663561 -23.12276882 32 0.614587490100774 0.00175745868185229 0.0541424883099018
"2" -55.399663561 -23.62276882 33 0.557865567937626 0.00158979465387542 0.0535214797624332
"3" -55.399663561 -28.12276882 42 42.0150507277186 0.0253101131957832 0.0542293511080161
"4" -54.899663561 -22.12276882 76 0.501099213319376 0.0012810439133633 0.0547691874220338
"5" -54.899663561 -22.62276882 77 0.567166120717053 0.00148095014906916 0.0544077853416487
"6" -54.899663561 -23.12276882 78 0.574691722115125 0.00146074993687949 0.0540277060434511
"7" -54.899663561 -23.62276882 79 0.547755013836038 0.00156086703080599 0.0536409101741493
"8" -54.899663561 -27.62276882 87 39.9472191516772 0.0249429918900594 0.0543873478985908
"9" -54.899663561 -28.12276882 88 41.1850992783849 0.0247490016231979 0.0536376807443388
"10" -54.399663561 -21.62276882 121 0.358007685790739 0.00124379481951358 0.0555155577557153
"11" -54.399663561 -22.12276882 122 0.54357870128852 0.0013953633005807 0.0550812390632861
"12" -54.399663561 -22.62276882 123 37.5743152139961 0.0234103149751031 0.0542646861949939
"13" -54.399663561 -23.12276882 124 37.417434131089 0.0231738739315372 0.0541117427697974
"14" -54.399663561 -23.62276882 125 37.6807393458549 0.0236657620147261 0.0545424588936267
"15" -54.399663561 -24.12276882 126 39.2469220511471 0.0248497921139623 0.0542811911695309
"16" -54.399663561 -24.62276882 127 38.547523906957 0.0241333054522762 0.054533704743588
"17" -54.399663561 -25.12276882 128 39.1023338693379 0.0236811368272364 0.0543006010859851
"18" -54.399663561 -25.62276882 129 38.9257766527496 0.0244917279998259 0.0542888418639878
"19" -54.399663561 -27.62276882 133 40.3045050938116 0.0242885150876204 0.053323306342499
"20" -54.399663561 -28.12276882 134 43.3933553452146 0.0245227988214671 0.0528371638391755
"21" -53.899663561 -22.12276882 168 36.8238753278548 0.0234202962827455 0.0548899702492721
"22" -53.899663561 -22.62276882 169 36.5454797942572 0.0231137432619983 0.0545127925309753
"23" -53.899663561 -23.12276882 170 36.9616690118295 0.0234617460181546 0.0545642882882241
"24" -53.899663561 -23.62276882 171 37.5080712216433 0.0241570825236956 0.0541301280540946
"25" -53.899663561 -24.12276882 172 39.1489114254416 0.02403627059735 0.0537236489227878
"26" -53.899663561 -24.62276882 173 38.9948257556359 0.0237463159546556 0.0540993482181103
"27" -53.899663561 -25.12276882 174 39.2031223498554 0.023338289024609 0.0537673074481558
"28" -53.899663561 -25.62276882 175 39.0899789604187 0.0240836947739841 0.0532856680816461
"29" -53.899663561 -26.12276882 176 39.6140373326159 0.0242369746955445 0.0532096353889513
"30" -53.899663561 -26.62276882 177 39.6054483637957 0.0235144188142652 0.0530697410343147
"31" -53.899663561 -27.12276882 178 40.9220588898785 0.024421280956037 0.0532515462981656
"32" -53.899663561 -27.62276882 179 40.9864485689683 0.0242441849143758 0.0533479904772519
"33" -53.899663561 -28.12276882 180 43.1024361516095 0.0240541798705008 0.0530470805677773
"34" -53.899663561 -29.62276882 183 44.8443410168863 0.0259784765465305 0.0512495601513906
"35" -53.399663561 -22.12276882 214 36.3088648403301 0.0229177874601509 0.0545851944882041
"36" -53.399663561 -22.62276882 215 1.59218953250152 0.00453843888363918 0.0544018600139653
"37" -53.399663561 -23.12276882 216 37.3145253278097 0.0233718157237224 0.0543461192720276
"38" -53.399663561 -23.62276882 217 37.5747569170251 0.0237526893696245 0.053946302182216
"39" -53.399663561 -24.12276882 218 39.4042147334546 0.0231416705996307 0.0529805897247446
"40" -53.399663561 -24.62276882 219 39.6513561281959 0.0235582774034374 0.053489951594405
"41" -53.399663561 -25.12276882 220 40.013787204579 0.0237183394123341 0.0529245526597582
"42" -53.399663561 -25.62276882 221 40.5150396350821 0.0237708264213217 0.0524660030590927
"43" -53.399663561 -26.12276882 222 40.72172484249 0.0235011262265259 0.0523892955128136
"44" -53.399663561 -26.62276882 223 41.4704780736924 0.0230344644733253 0.0519820782048456
"45" -53.399663561 -27.12276882 224 42.2954020575772 0.0233476058840898 0.0520610365278786
"46" -53.399663561 -27.62276882 225 40.805069207082 0.0233302958002081 0.052654530117992
"47" -53.399663561 -29.12276882 228 43.2102092304755 0.0248961016734577 0.0520571456113558
"48" -53.399663561 -29.62276882 229 44.2901022202999 0.0260117818763409 0.050884325380967
"49" -52.899663561 -22.12276882 260 37.0905235143164 0.0229125025094336 0.0539686270049153
"50" -52.899663561 -22.62276882 261 37.3298565981346 0.0232165959833357 0.0540698034051625
"51" -52.899663561 -23.12276882 262 37.5374809532044 0.0239970151909561 0.0541471743834303
"52" -52.899663561 -23.62276882 263 0.737789454826499 0.00142726484761661 0.0533698388938219
"53" -52.899663561 -24.12276882 264 39.2963275491432 0.0231174583998431 0.0529426603915092
"54" -52.899663561 -24.62276882 265 39.7573292233014 0.0230343262393706 0.0528346915435448
"55" -52.899663561 -25.12276882 266 39.6065289761782 0.0235674989541914 0.0527504168081043
"56" -52.899663561 -25.62276882 267 40.3488842898734 0.0235260520964242 0.0522874712233361
"57" -52.899663561 -26.12276882 268 41.6376951860474 0.0235228506857842 0.0520782980891603
"58" -52.899663561 -26.62276882 269 42.0802964098968 0.02302994666859 0.0521906560114276
"59" -52.899663561 -27.12276882 270 41.7404863237826 0.0228139086196279 0.0530028651500579
"60" -52.899663561 -27.62276882 271 40.3119774519283 0.0229017652877754 0.0530389773335113
"61" -52.899663561 -28.12276882 272 41.8561468683082 0.0235522300620292 0.0527949246130161
"62" -52.899663561 -28.62276882 273 42.9795177856654 0.0247696606949991 0.0519418309212287
"63" -52.899663561 -29.12276882 274 43.0189649638117 0.024530756168416 0.0516954826093035
"64" -52.899663561 -29.62276882 275 44.0762082511454 0.0259630681792515 0.0510606396737032
"65" -52.399663561 -22.12276882 306 36.184171922366 0.0231904817889087 0.0545413830432324
"66" -52.399663561 -22.62276882 307 37.6195029930822 0.0233312318585863 0.0541615417786737
"67" -52.399663561 -23.12276882 308 37.8806438684645 0.0243370893916395 0.0539821336871748
"68" -52.399663561 -23.62276882 309 38.6431429082777 0.0234373827330471 0.0528719510011497
"69" -52.399663561 -24.12276882 310 39.4473913783636 0.0230723634317565 0.0529169543076843
"70" -52.399663561 -24.62276882 311 39.6282473102387 0.0236865624775289 0.0526752234372382
"71" -52.399663561 -25.12276882 312 39.4342328145934 0.0237028223891941 0.0530701635820328
"72" -52.399663561 -25.62276882 313 40.2622010912025 0.0233946544086299 0.052450283840961
"73" -52.399663561 -26.12276882 314 40.183180298622 0.0236855556947656 0.0530837001494669
"74" -52.399663561 -26.62276882 315 41.249061819585 0.023197663195895 0.0532170349126953
"75" -52.399663561 -27.12276882 316 40.8993458279083 0.0233067425504053 0.054111152297129
"76" -52.399663561 -27.62276882 317 39.7509945100867 0.023386978125277 0.0541851534154353
"77" -52.399663561 -28.12276882 318 41.1240446774903 0.0244515480123784 0.052556438526279
"78" -52.399663561 -28.62276882 319 41.3041534831688 0.0248833219302046 0.0529474661145795
"79" -52.399663561 -29.12276882 320 42.2507287870999 0.0249953705674761 0.0525826536324374
"80" -52.399663561 -29.62276882 321 43.4081938437507 0.0252935861625293 0.051286244348869
"81" -51.899663561 -21.12276882 350 0.728919850024236 0.00130505091284336 0.0538869358111925
"82" -51.899663561 -21.62276882 351 0.623490438145101 0.0012754079751958 0.0541529559381843
"83" -51.899663561 -22.12276882 352 1.60839374810221 0.00451330530391531 0.0538923037521246
"84" -51.899663561 -22.62276882 353 1.50721417824099 0.00406105636615837 0.0538301989702532
"85" -51.899663561 -23.12276882 354 38.3730176260262 0.0239260000340809 0.0532760118174219
"86" -51.899663561 -23.62276882 355 38.6531196999917 0.0231775256837937 0.0527315526242342
"87" -51.899663561 -24.12276882 356 38.6696642987906 0.0240745666647377 0.0536546081917322
"88" -51.899663561 -24.62276882 357 38.6951805026525 0.023832711478882 0.0535067185142153
"89" -51.899663561 -25.12276882 358 38.840638890697 0.0240771441513472 0.0538871982615588
"90" -51.899663561 -25.62276882 359 39.9529669895646 0.0237049477645508 0.0529734985475659
"91" -51.899663561 -26.12276882 360 39.9903893686532 0.0245776057607915 0.0535844430096435
"92" -51.899663561 -26.62276882 361 40.5195090115724 0.0235170914431226 0.0531899423336076
"93" -51.899663561 -27.12276882 362 40.56424115455 0.023362229229613 0.053938995622756
"94" -51.899663561 -27.62276882 363 40.2978181660805 0.0248625648656425 0.0538962387596007
"95" -51.899663561 -28.12276882 364 41.0190660234389 0.024470762501177 0.0524741066334527
"96" -51.899663561 -28.62276882 365 41.0764033397393 0.0243454893264245 0.052144812689641
"97" -51.899663561 -29.12276882 366 42.4450836903129 0.0249461053008021 0.0519691406488284
"98" -51.899663561 -29.62276882 367 41.8795720760012 0.0242577219602457 0.0519126455298659
"99" -51.399663561 -20.12276882 394 0.58545951004379 0.00121632977272914 0.05489125665091
"100" -51.399663561 -20.62276882 395 0.735995770898258 0.0013123636223605 0.054192639627461
"101" -51.399663561 -21.12276882 396 0.79182266637039 0.00137318713600524 0.0541010322532729
"102" -51.399663561 -21.62276882 397 1.58161136130623 0.00435858254568685 0.0540293971880961
"103" -51.399663561 -22.12276882 398 1.6677130935381 0.0041681950075689 0.0533998969707697
"104" -51.399663561 -22.62276882 399 1.50047573483294 0.00370936344400544 0.0539402314971879
"105" -51.399663561 -23.12276882 400 1.55866390816559 0.00385067126980129 0.0539892291082231
"106" -51.399663561 -23.62276882 401 37.7673751467473 0.0241168739774321 0.0540432725936219
"107" -51.399663561 -24.12276882 402 38.0858329194103 0.0239264235088455 0.0539222999087644
"108" -51.399663561 -24.62276882 403 38.0489575252752 0.0242154293443651 0.0542014969492512
"109" -51.399663561 -25.12276882 404 39.0921845758586 0.0247405235776421 0.0535538004960495
"110" -51.399663561 -25.62276882 405 40.2458677569792 0.024726406940026 0.0529899185830743
"111" -51.399663561 -26.12276882 406 39.6411531325076 0.024481701356633 0.0536532998475453
"112" -51.399663561 -26.62276882 407 40.3246055852452 0.0233504130862391 0.0530172020053181
"113" -51.399663561 -27.12276882 408 40.9670430301526 0.0256421145634233 0.0540116078799301
"114" -51.399663561 -27.62276882 409 39.2992136262497 0.024974882595032 0.0542009202334665
"115" -51.399663561 -28.12276882 410 40.5014366220022 0.0244386458437949 0.0525443763559685
"116" -51.399663561 -28.62276882 411 40.9859501571871 0.0242930747387748 0.0521062973840451
"117" -51.399663561 -29.12276882 412 41.4248739954082 0.0244136281908101 0.052153692613536
"118" -51.399663561 -29.62276882 413 42.1041963514427 0.0241136293747578 0.0514313754574284
"119" -50.899663561 -18.62276882 437 0.469673318492611 0.00124416412258713 0.0555473206156977
"120" -50.899663561 -19.12276882 438 0.467984205836163 0.0012296288564231 0.0550438846589202
"121" -50.899663561 -19.62276882 439 0.459717700432697 0.00121976802724681 0.055974989407352
"122" -50.899663561 -20.12276882 440 0.71799201573939 0.00124380787376647 0.0547735765702107
"123" -50.899663561 -20.62276882 441 0.731263322210809 0.00130714311489004 0.0539030402178039
"124" -50.899663561 -21.12276882 442 0.784282450500196 0.00137205072953922 0.0541633125861302
"125" -50.899663561 -21.62276882 443 1.67477359359135 0.00448740769071156 0.0547182355630721
"126" -50.899663561 -22.12276882 444 1.6655249124925 0.00385713048468039 0.0537508419920961
"127" -50.899663561 -22.62276882 445 1.49100470212977 0.00388530482793264 0.0543287154637273
"128" -50.899663561 -23.12276882 446 1.5184429040839 0.00366650364078532 0.0536543466032491
"129" -50.899663561 -23.62276882 447 37.3947136433516 0.0256942058862456 0.0543456837785955
"130" -50.899663561 -24.12276882 448 38.0918829957994 0.0251682252366536 0.0541537093402181
"131" -50.899663561 -24.62276882 449 37.6419520771723 0.0248337732827336 0.0542369998258891
"132" -50.899663561 -25.12276882 450 38.4454368920184 0.0244721230950114 0.0536297561123716
"133" -50.899663561 -25.62276882 451 39.0498464522374 0.0247283722050283 0.0540773581628829
"134" -50.899663561 -26.12276882 452 39.2906284274186 0.0244890781855496 0.053941936340416
"135" -50.899663561 -26.62276882 453 40.3037805350715 0.0246013376250124 0.0529388654205913
"136" -50.899663561 -27.12276882 454 40.232830048676 0.024943450352935 0.0537977912348508
"137" -50.899663561 -27.62276882 455 39.9225183847053 0.0254612002017768 0.0542681796333126
"138" -50.899663561 -28.12276882 456 39.9676544818391 0.025393963239663 0.0532789124655404
"139" -50.899663561 -28.62276882 457 41.3868849633129 0.0249532644718025 0.0522727160086938
"140" -50.899663561 -29.12276882 458 40.3522610315737 0.0244352719029481 0.0528563236229139
"141" -50.899663561 -29.62276882 459 42.3514670774844 0.0240044373067406 0.0514146979744381
"142" -50.399663561 -18.62276882 483 0.467984205836163 0.00122206515155735 0.0568245105163157
"143" -50.399663561 -19.12276882 484 0.469673318492611 0.00124529942824001 0.0560123700216496
"144" -50.399663561 -19.62276882 485 0.60407518350808 0.00127634951191501 0.0565126613658876
"145" -50.399663561 -20.12276882 486 0.778839017834115 0.00138894704880565 0.0550313195622586
"146" -50.399663561 -20.62276882 487 0.73362191357278 0.00132327456858065 0.0541299697314504
"147" -50.399663561 -21.12276882 488 0.731263322210809 0.00132864312144517 0.0539857174140196
"148" -50.399663561 -21.62276882 489 1.63279391514375 0.00370789344085077 0.0549257239466595
"149" -50.399663561 -22.12276882 490 1.61734255317078 0.00366999753555205 0.0543419267385418
"150" -50.399663561 -22.62276882 491 1.61160349439726 0.00381165454891746 0.0540334956160848
"151" -50.399663561 -23.12276882 492 1.54136501206984 0.00376434494575871 0.0548953905755057
"152" -50.399663561 -23.62276882 493 36.4778270702539 0.0248795449269279 0.0552554656828811
"153" -50.399663561 -24.12276882 494 36.7346427124413 0.0245758166767255 0.0552625879857692
"154" -50.399663561 -24.62276882 495 36.9335095204187 0.0246520358713898 0.0545972356060987
"155" -50.399663561 -25.12276882 496 3.86426251926326 0.0149396250333651 0.0546539702417579
"156" -50.399663561 -25.62276882 497 37.915325249262 0.024303594801746 0.0545414874465951
"157" -50.399663561 -26.12276882 498 39.2657790574388 0.0255088473977463 0.053847765148926
"158" -50.399663561 -26.62276882 499 38.9965263506365 0.0254700172990821 0.0549228237727446
"159" -50.399663561 -27.12276882 500 39.3497656266565 0.0250617007964225 0.0545469584406477
"160" -50.399663561 -27.62276882 501 38.8230464218654 0.0246024106763791 0.0538403512697521
"161" -50.399663561 -28.12276882 502 39.1197141697282 0.0242223865991772 0.0533349258528797
"162" -50.399663561 -28.62276882 503 39.9684492460125 0.0242396044478134 0.0526968613980466
"163" -50.399663561 -29.12276882 504 40.6419125660682 0.023630541552497 0.0523760077970013
"164" -50.399663561 -29.62276882 505 41.6301431146102 0.0239838973200932 0.0522997292663207
"165" -49.899663561 -18.62276882 529 0.47655351363536 0.00123969680817036 0.056898783504704
"166" -49.899663561 -20.12276882 532 0.760607669590507 0.00136856695339382 0.0552917893831608
"167" -49.899663561 -20.62276882 533 0.738385042881694 0.00134258499599918 0.054460967877759
"168" -49.899663561 -21.12276882 534 0.750520546754164 0.00138899250801063 0.054756792797484
"169" -49.899663561 -21.62276882 535 1.60218090423481 0.00365286556020075 0.0549580314073197
"170" -49.899663561 -22.12276882 536 1.60218090423481 0.00367643898761844 0.0551447305843081
"171" -49.899663561 -22.62276882 537 1.56201877149273 0.00374999462769722 0.055040524364915
"172" -49.899663561 -23.12276882 538 1.52753771907635 0.00393642747313632 0.0558372660465011
"173" -49.899663561 -23.62276882 539 34.6755392333394 0.0246990014498478 0.0561543274150647
"174" -49.899663561 -24.12276882 540 35.8681593870693 0.0243673563954113 0.0559872110820543
"175" -49.899663561 -24.62276882 541 35.9383927685852 0.0236157518937338 0.0549258124930298
"176" -49.899663561 -25.12276882 542 4.12093440298403 0.0155891738089611 0.0549669028270848
"177" -49.899663561 -25.62276882 543 37.3928662999357 0.0259280264008041 0.0547935369592479
"178" -49.899663561 -26.12276882 544 38.1043273192531 0.0255024783005964 0.0548925459452662
"179" -49.899663561 -26.62276882 545 37.3131007653068 0.0248904218467607 0.0553984518348422
"180" -49.899663561 -27.12276882 546 37.357589273344 0.0244186031211508 0.054990193092769
"181" -49.899663561 -27.62276882 547 38.7154375059738 0.0243135549915972 0.0537086508018191
"182" -49.899663561 -28.12276882 548 38.7571382201746 0.0245523742459873 0.053600804674951
"183" -49.899663561 -28.62276882 549 39.3390552020343 0.0240522343016791 0.0531240038761986
"184" -49.899663561 -29.12276882 550 40.6931178932813 0.0244532535702527 0.052019070729002
"185" -49.899663561 -29.62276882 551 40.623928935908 0.0238973940674297 0.0520672200738301
"186" -49.399663561 -18.62276882 575 0.478305180964902 0.00125056677673961 0.0578644296081461
"187" -49.399663561 -20.12276882 578 0.765728933358794 0.00136386141157969 0.0561284256961576
"188" -49.399663561 -20.62276882 579 0.723943665403063 0.0012626572234827 0.0549638222931072
"189" -49.399663561 -21.12276882 580 0.816926834594832 0.00127780205157671 0.054864443944612
"190" -49.399663561 -21.62276882 581 1.57753350570812 0.00360457599320619 0.0546106052529083
"191" -49.399663561 -22.12276882 582 0.714013047696508 0.00141486843576892 0.0554726507500088
"192" -49.399663561 -23.12276882 584 1.58557428663292 0.00386737383301013 0.0561810896724514
"193" -49.399663561 -23.62276882 585 4.21360091486648 0.0154877276758122 0.0560598448465159
"194" -49.399663561 -24.62276882 587 4.29327804980379 0.0160132639120417 0.0556188309305135
"195" -49.399663561 -25.12276882 588 4.351520834026 0.0152492903516789 0.0552275034449058
"196" -49.399663561 -25.62276882 589 4.61891746605779 0.0153273558333337 0.0547407358815079
"197" -49.399663561 -26.12276882 590 4.43224373847269 0.0151345789588193 0.0553380471928595
"198" -49.399663561 -26.62276882 591 4.48520221901632 0.015909484487517 0.0556006140998124
"199" -49.399663561 -27.12276882 592 36.6582794409445 0.0237584636546551 0.054449513206826
"200" -49.399663561 -27.62276882 593 38.3587403105158 0.0246062823760832 0.0542789360813057
"201" -49.399663561 -28.12276882 594 39.2203508433884 0.0252161230190004 0.0531755183733426
"202" -49.399663561 -28.62276882 595 39.9622232178737 0.0247597024511591 0.0525793697767552
"203" -48.899663561 -18.12276882 620 0.471374671095845 0.00127354913662775 0.0582023216581282
"204" -48.899663561 -18.62276882 621 0.469673318492611 0.00124116652345987 0.0586174904961876
"205" -48.899663561 -20.62276882 625 0.816926834594832 0.00128345328249897 0.0558038717324107
"206" -48.899663561 -21.12276882 626 0.804243188094912 0.00126356143712457 0.0553504061415592
"207" -48.899663561 -21.62276882 627 1.47368675285644 0.00363209894594973 0.0553911140757832
"208" -48.899663561 -22.12276882 628 1.46488922000356 0.00364994282689266 0.0562828143878985
"209" -48.899663561 -24.12276882 632 4.42058308098844 0.0167446046805778 0.0557039179060406
"210" -48.899663561 -24.62276882 633 4.7502670716261 0.0162205502814291 0.0553571616335243
"211" -48.899663561 -25.12276882 634 4.77365591632803 0.0157304529766922 0.0552457864707875
"212" -48.899663561 -25.62276882 635 4.82553924579353 0.0158721811885048 0.0548210776670284
"213" -48.899663561 -26.12276882 636 4.47614002508956 0.015541907759872 0.0545656117882553
"214" -48.899663561 -26.62276882 637 4.51304686072674 0.0154065909178963 0.0540645484131118
"215" -48.899663561 -27.12276882 638 36.3165764527377 0.0243479366506443 0.0537760036845326
"216" -48.899663561 -27.62276882 639 38.3387856686783 0.0240266556165303 0.0526923672960854
"217" -48.899663561 -28.12276882 640 39.435191925149 0.0237813487004256 0.0522922019089684
"218" -48.899663561 -28.62276882 641 39.8928700033719 0.0239656675307396 0.052397684849198
"219" -48.399663561 -18.12276882 666 0.441619153034501 0.0011316088537315 0.0584657319623613
"220" -48.399663561 -18.62276882 667 0.436837357153261 0.00108440502897759 0.0580456450961783
"221" -48.399663561 -22.12276882 674 1.44760557138995 0.00369068761703176 0.0560961952208657
"222" -48.399663561 -23.12276882 676 0.728210992642043 0.00144873698572352 0.0563140161082944
"223" -48.399663561 -23.62276882 677 4.39736439616823 0.0164080453619209 0.0561618120039943
"224" -48.399663561 -24.12276882 678 4.94284607502152 0.0171173399036957 0.055418090341055
"225" -48.399663561 -24.62276882 679 5.1370122240215 0.0166447661789994 0.0549567571674911
"226" -48.399663561 -25.12276882 680 5.18611211070472 0.0159407606429666 0.0547132844493146
"227" -48.399663561 -25.62276882 681 4.84663969627575 0.0147261871638698 0.0534777937207251
"228" -47.899663561 -23.12276882 722 0.718772243772047 0.00151175803246968 0.0566071240651532
"229" -47.899663561 -23.62276882 723 4.6059447028114 0.0166435177313349 0.0559804740345218
"230" -47.899663561 -24.12276882 724 5.08645438344611 0.0167231626690747 0.0554910274253626
"231" -47.899663561 -24.62276882 725 5.17492616765221 0.0157351544092964 0.0549067625618294
"232" -47.899663561 -25.12276882 726 5.19073729916052 0.0154984502660747 0.0538005590979445
"233" -47.399663561 -21.62276882 765 0.6559360476776 0.00125697972930258 0.0561643275623453
"234" -47.399663561 -22.12276882 766 0.633641337841534 0.00122360066870311 0.056584773256782
"235" -47.399663561 -22.62276882 767 0.687994148350571 0.00129441602316805 0.0574094523762078
"236" -47.399663561 -23.12276882 768 0.66467836195701 0.00139713068791091 0.0563758928616313
"237" -47.399663561 -23.62276882 769 4.87519992009147 0.0170060760837201 0.0564731818193091
"238" -47.399663561 -24.12276882 770 5.00951948008628 0.0156178422478021 0.0544782223934143
"239" -47.399663561 -24.62276882 771 5.25006121629701 0.0158310020892803 0.0528447934710067
"240" -46.899663561 -20.62276882 809 0.694634448006403 0.00129335047859003 0.0568555174597409
"241" -46.899663561 -21.12276882 810 0.675749825553056 0.00129580595782743 0.0569944699047172
"242" -46.899663561 -21.62276882 811 0.657864977229593 0.00125721039434608 0.0568736173956867
"243" -46.899663561 -22.62276882 813 0.689162827923847 0.0014415213795097 0.0574029589391624
"244" -46.899663561 -23.12276882 814 4.76970691094445 0.0160432458055764 0.0567058020568649
"245" -46.899663561 -23.62276882 815 4.95400913669406 0.0159643028395667 0.0559659943573817
"246" -46.899663561 -24.12276882 816 4.96740572223674 0.0157574100843246 0.0535512908307207
"247" -46.399663561 -21.12276882 856 0.681929549567261 0.00130542628368191 0.0564014748793058
"248" -46.399663561 -21.62276882 857 0.659805286896937 0.00132088020974659 0.0562892986039186
"249" -46.399663561 -22.12276882 858 0.714970389462358 0.00144357412651381 0.0563236611251832
"250" -46.399663561 -22.62276882 859 4.70069876198109 0.0161696724551927 0.0567912520724824
"251" -46.399663561 -23.12276882 860 4.86753375769191 0.0164358273838949 0.0567914193279035
"252" -46.399663561 -23.62276882 861 5.01387404252173 0.0161810291747722 0.055586297320369
"253" -45.899663561 -21.12276882 902 0.688223360794036 0.00138163824315908 0.0569108848964134
"254" -45.899663561 -21.62276882 903 0.659805286896937 0.0013805708843475 0.0566499795995529
"255" -45.899663561 -22.12276882 904 0.712973544799055 0.00144456947856872 0.0564038498560997
"256" -45.899663561 -22.62276882 905 4.77847334982819 0.0162308431325892 0.0568970919000738
"257" -45.899663561 -23.12276882 906 4.800606874589 0.0160034818400202 0.0572861719010897
"258" -45.899663561 -23.62276882 907 5.16521260772113 0.0158198069209655 0.0547740100837403
"259" -45.399663561 -20.12276882 946 0.716895167493787 0.00143189381519521 0.0576000073263188
"260" -45.399663561 -20.62276882 947 0.707821810943233 0.00148528241390951 0.0569382737557071
"261" -45.399663561 -21.12276882 948 0.671691868642828 0.00140189596380002 0.0567427131607657
"262" -45.399663561 -21.62276882 949 0.661757077686573 0.00140389855700649 0.056952977578671
"263" -45.399663561 -22.12276882 950 4.70719211591908 0.0165522289114337 0.0573925456737583
"264" -45.399663561 -22.62276882 951 4.94873243935884 0.0168489261219048 0.0569381875367455
"265" -45.399663561 -23.12276882 952 5.02967589304772 0.0166429785924314 0.0563400891235583
"266" -45.399663561 -23.62276882 953 5.15001162043065 0.0160020295652058 0.053877603686973
"267" -44.899663561 -19.62276882 991 0.575759408414144 0.00140029482037098 0.0571083570543304
"268" -44.899663561 -20.62276882 993 4.46617485263998 0.0155632007178564 0.0569432314004865
"269" -44.899663561 -21.12276882 994 0.673714735717053 0.00142434740251787 0.0567241148759102
"270" -44.899663561 -21.62276882 995 4.40929902440089 0.0159762723480826 0.0569155356779849
"271" -44.899663561 -22.12276882 996 4.96025043771447 0.0167766400188626 0.0570719882538553
"272" -44.899663561 -22.62276882 997 4.99034967132998 0.0167301770471742 0.0574700934802393
"273" -44.899663561 -23.12276882 998 5.05381173863021 0.0171399381711928 0.0561340635264418
"274" -44.399663561 -20.12276882 1038 0.769538668792924 0.00166587266578746 0.0569836396410713
"275" -44.399663561 -20.62276882 1039 0.677797249266853 0.00143513433152243 0.0567098025434125
"276" -44.399663561 -21.12276882 1040 4.5485802372733 0.01637813458061 0.0571459346788735
"277" -44.399663561 -21.62276882 1041 4.44738949366699 0.016401999973119 0.0573346654600733
"278" -44.399663561 -22.12276882 1042 5.05711040726791 0.0175193435348787 0.0574739167364468
"279" -44.399663561 -22.62276882 1043 5.13618446946586 0.0172149116889911 0.0571032941799369
"280" -43.899663561 -20.12276882 1084 4.41400658159159 0.0153683951355031 0.0571350503854969
"281" -43.899663561 -20.62276882 1085 4.6770151251185 0.0163360038262934 0.0570675178524805
"282" -43.899663561 -21.12276882 1086 4.43846779014221 0.0163178303034107 0.0575834858871086
"283" -43.899663561 -21.62276882 1087 4.7283380619437 0.0169416284528541 0.0575657702269941
"284" -43.899663561 -22.12276882 1088 4.8060183350294 0.0170472996482058 0.0572010109113215
"285" -43.899663561 -22.62276882 1089 4.9301258760748 0.0173409588834916 0.0571996009013748
"286" -43.399663561 -18.62276882 1127 4.33482945255035 0.0152260672322444 0.056307932007903
"287" -43.399663561 -19.12276882 1128 4.40798235837086 0.0154293719608468 0.0570440708804219
"288" -43.399663561 -19.62276882 1129 4.64367414745481 0.0162333806209849 0.057556992923775
"289" -43.399663561 -20.12276882 1130 4.79842158261448 0.0169011854223256 0.0575946229455869
"290" -43.399663561 -20.62276882 1131 4.72801840925285 0.0167010577506419 0.0575795085774277
"291" -43.399663561 -21.12276882 1132 4.86853902518264 0.0172563267616783 0.0572558402576466
"292" -43.399663561 -21.62276882 1133 4.87739867506935 0.0173061133313968 0.0570191992111331
"293" -43.399663561 -22.12276882 1134 5.07310114073308 0.0170440785463616 0.0566453476026642
"294" -43.399663561 -22.62276882 1135 5.22719749384869 0.0173564164946323 0.0563879880625792
"295" -42.899663561 -17.62276882 1171 0.521517300568023 0.0015452677039869 0.0555317034881604
"296" -42.899663561 -18.12276882 1172 0.695458152786735 0.0019661779726142 0.0558630440402791
"297" -42.899663561 -18.62276882 1173 0.770360249170541 0.00175281632240006 0.0562128098214056
"298" -42.899663561 -19.12276882 1174 4.60250903335772 0.0159547751818295 0.0574237854983336
"299" -42.899663561 -19.62276882 1175 4.72695919197955 0.0163415883915731 0.0575259239448574
"300" -42.899663561 -20.12276882 1176 4.93591269235917 0.0166050285720069 0.0573791781241659
"301" -42.899663561 -20.62276882 1177 4.90838028478502 0.0168625442032672 0.0569143406643936
"302" -42.899663561 -21.12276882 1178 5.14798762530537 0.0171011560873391 0.0568944111124652
"303" -42.899663561 -21.62276882 1179 5.11636857546932 0.0173274847568302 0.0567954500042244
"304" -42.899663561 -22.12276882 1180 5.48279599981262 0.0178630946656472 0.0563081858015597
"305" -42.899663561 -22.62276882 1181 5.48933748331549 0.0177738976421779 0.0555754083722486
"306" -42.399663561 -15.12276882 1212 0.637103864991948 0.00199255797557098 0.055667897656014
"307" -42.399663561 -15.62276882 1213 0.640226432957595 0.00199817074451632 0.0545555684275377
"308" -42.399663561 -17.62276882 1217 0.702927795213851 0.00179788144984454 0.0539812483486253
"309" -42.399663561 -18.12276882 1218 1.68637357163081 0.0053276082063178 0.0549806827985943
"310" -42.399663561 -18.62276882 1219 1.73636626502958 0.00574492271347322 0.0558625124419247
"311" -42.399663561 -19.12276882 1220 1.58162112108342 0.00511456882588247 0.0558946722028242
"312" -42.399663561 -19.62276882 1221 1.5919940055032 0.00532519097657286 0.0569819907270808
"313" -42.399663561 -20.12276882 1222 5.08458226109148 0.0170927188212119 0.0564950721555642
"314" -42.399663561 -20.62276882 1223 5.24873098955807 0.0174080820484198 0.056962459858676
"315" -42.399663561 -21.12276882 1224 5.22989675731504 0.0176676714969036 0.0568508421244165
"316" -42.399663561 -21.62276882 1225 5.2492689021309 0.0174025191813716 0.0562361193767711
"317" -42.399663561 -22.12276882 1226 5.55733585822078 0.0179002180842917 0.0561658151340308
"318" -42.399663561 -22.62276882 1227 5.50885938548505 0.0174662107217219 0.0549086072340282
"319" -41.899663561 -15.12276882 1258 0.637103864991948 0.00197343186504201 0.0544412219430367
"320" -41.899663561 -15.62276882 1259 0.646564318432423 0.0020207185176295 0.0537606424705217
"321" -41.899663561 -16.12276882 1260 0.54000143384276 0.00191679464905877 0.0542668137711515
"322" -41.899663561 -16.62276882 1261 0.485098180055584 0.00166888491625807 0.0541010020254139
"323" -41.899663561 -17.12276882 1262 0.651021546597875 0.00185079402412077 0.0532509596353451
"324" -41.899663561 -17.62276882 1263 1.74297178019727 0.00507180057004292 0.0537127923819117
"325" -41.899663561 -18.12276882 1264 1.72076552490317 0.00511969499253294 0.0539339496472504
"326" -41.899663561 -18.62276882 1265 1.70354090492603 0.00528305805014585 0.0544233714757019
"327" -41.899663561 -19.12276882 1266 1.72074021971326 0.00532321721623341 0.0554230628861686
"328" -41.899663561 -19.62276882 1267 1.66049874537864 0.00541644269422765 0.0560142022213531
"329" -41.899663561 -20.12276882 1268 5.32831371431366 0.0173780654559361 0.0560636352643956
"330" -41.899663561 -20.62276882 1269 5.48133819861858 0.0176598880851705 0.0560710016363025
"331" -41.899663561 -21.12276882 1270 5.42663333833878 0.0176448565611421 0.0564516822142224
"332" -41.899663561 -21.62276882 1271 5.60845565611091 0.0178162697253674 0.0558810764074979
"333" -41.899663561 -22.12276882 1272 5.59025892809444 0.0175772432122001 0.0559532966145425
"334" -41.899663561 -22.62276882 1273 1e-04 0 0.0549134427652509
"335" -41.399663561 -15.12276882 1304 0.509584451654436 0.00182433619714051 0.0545645919978886
"336" -41.399663561 -15.62276882 1305 0.591213508413507 0.00198706135508671 0.0545988187968785
"337" -41.399663561 -16.12276882 1306 0.771067310640981 0.00198034056982228 0.0527342935484991
"338" -41.399663561 -16.62276882 1307 1.84928442291426 0.00546925411004079 0.052936650267943
"339" -41.399663561 -17.12276882 1308 1.71345013403618 0.00516317365644599 0.0538228045544869
"340" -41.399663561 -17.62276882 1309 1.67764467179741 0.00504642271973887 0.0539382133933328
"341" -41.399663561 -18.12276882 1310 1.84238495050967 0.00544330814275417 0.0545549065213042
"342" -41.399663561 -18.62276882 1311 4.96698145217363 0.0155393870370412 0.0542164956659567
"343" -41.399663561 -19.12276882 1312 5.13317943066182 0.0163416342374967 0.0556048803641916
"344" -41.399663561 -19.62276882 1313 5.40192847324453 0.0174768596050902 0.0566511687423141
"345" -41.399663561 -20.12276882 1314 5.38529047893706 0.0175938345885876 0.0566279326286482
"346" -41.399663561 -20.62276882 1315 5.5257626391856 0.0175803152133384 0.0559442728917365
"347" -41.399663561 -21.12276882 1316 5.54696435204815 0.0174409775332381 0.055319953203276
"348" -41.399663561 -21.62276882 1317 5.39724646793364 0.0170397724681345 0.0555914504736089
"349" -41.399663561 -22.12276882 1318 1e-04 0 0.0543607453851733
"350" -40.899663561 -14.62276882 1349 1.58651140432918 0.00583401934573463 0.0568404659932668
"351" -40.899663561 -15.12276882 1350 1.88446855821231 0.00601816941905962 0.0554334398429049
"352" -40.899663561 -15.62276882 1351 1.95290644288544 0.00640916983735393 0.0541577312110062
"353" -40.899663561 -16.12276882 1352 1.86148081930329 0.00580640442093686 0.0540709802680287
"354" -40.899663561 -16.62276882 1353 1.8303635937071 0.00557493354191622 0.053621947541606
"355" -40.899663561 -17.12276882 1354 1.79707591954802 0.00508590661784272 0.0533898204303651
"356" -40.899663561 -17.62276882 1355 1.80990318883813 0.00551913122018345 0.0538722789904412
"357" -40.899663561 -18.12276882 1356 5.22537280463448 0.0159873677180121 0.0534771871541139
"358" -40.899663561 -18.62276882 1357 5.39077549297272 0.0168440341862162 0.054511613954965
"359" -40.899663561 -19.12276882 1358 5.62607291792238 0.0169682768994728 0.0548877645899433
"360" -40.899663561 -19.62276882 1359 5.63514211387828 0.0175294844115521 0.0554169450286979
"361" -40.899663561 -20.12276882 1360 5.81811498714966 0.0178478672434219 0.0553294282037865
"362" -40.899663561 -20.62276882 1361 5.62576780117238 0.0172553271347571 0.0545350715347265
"363" -40.899663561 -21.12276882 1362 1e-04 0 0.0535584006985323
"364" -40.399663561 -13.62276882 1393 4.43490168079896 0.0157301148590811 0.056726358978276
"365" -40.399663561 -14.12276882 1394 1.80547215849407 0.00611881832334309 0.0565813777896579
"366" -40.399663561 -14.62276882 1395 1.79203546356164 0.00610066528620129 0.0559608321046093
"367" -40.399663561 -15.12276882 1396 1.80220514525711 0.00615170181910267 0.0555668397670034
"368" -40.399663561 -15.62276882 1397 1.84478290937233 0.00593182330170469 0.0550830355433293
"369" -40.399663561 -16.12276882 1398 1.88638203101437 0.00557007261199877 0.0547633658534914
"370" -40.399663561 -16.62276882 1399 1.68335758774021 0.00480499565086428 0.0539947146648462
"371" -40.399663561 -17.12276882 1400 1e-04 0 0.0543533787891601
"372" -40.399663561 -17.62276882 1401 1e-04 0 0.0543705816020373
"373" -40.399663561 -18.12276882 1402 1e-04 0 0.0540010848767817
"374" -40.399663561 -18.62276882 1403 0.0274444369609281 0.000245987384298885 0.0540966186950947
"375" -40.399663561 -19.12276882 1404 1e-04 0 0.0534797444646912
"376" -40.399663561 -19.62276882 1405 1e-04 0 0.0533564385588839
"377" -40.399663561 -20.12276882 1406 0.0271015600084399 0.000245673992988102 0.0525237175822881
"378" -40.399663561 -20.62276882 1407 0.0293976110295658 0.00026172145349096 0.0518402046493717
"379" -39.899663561 -13.12276882 1438 1.46930123458793 0.00547327415489022 0.0555622563106888
"380" -39.899663561 -13.62276882 1439 1.98705303551134 0.00572302258809688 0.0555171819126939
"381" -39.899663561 -14.12276882 1440 1.86998218040171 0.0060437188911921 0.0560264575342464
"382" -39.899663561 -14.62276882 1441 1.81950531499025 0.00575287317211393 0.0556677727473538
"383" -39.899663561 -15.12276882 1442 1.81520044791573 0.00577376886415094 0.0557996053127646
"384" -39.899663561 -15.62276882 1443 1.75330944590678 0.00543712210638415 0.0554442758625565
"385" -39.899663561 -16.12276882 1444 1e-04 0 0.0548408968556989
"386" -39.899663561 -16.62276882 1445 1e-04 0 0.0542529699302408
"387" -39.899663561 -17.12276882 1446 1e-04 0 0.0535149712871447
"388" -39.899663561 -17.62276882 1447 1e-04 0 0.052785887246282
"389" -39.899663561 -18.12276882 1448 1e-04 0 0.0523699345148434
"390" -39.899663561 -18.62276882 1449 1e-04 0 0.0519501906587136
"391" -39.899663561 -19.12276882 1450 1e-04 0 0.051505081136999
"392" -39.899663561 -19.62276882 1451 1e-04 0 0.0513989673057599
"393" -39.399663561 -12.12276882 1482 1.53493992289227 0.00563011072359231 0.0539811089057968
"394" -39.399663561 -12.62276882 1483 1.46141488232405 0.00516174894150406 0.0540121191141768
"395" -39.399663561 -13.12276882 1484 1.55127424292622 0.00549195141387565 0.0543229101091042
"396" -39.399663561 -13.62276882 1485 1.73769428269538 0.00603587395957744 0.0539905466698374
"397" -39.399663561 -14.12276882 1486 1e-04 0 0.0538833649168504
"398" -39.399663561 -14.62276882 1487 1e-04 0 0.0538461870756441
"399" -39.399663561 -15.12276882 1488 1e-04 0 0.053573624795953
"400" -39.399663561 -15.62276882 1489 1e-04 0 0.0531419228219678
"401" -39.399663561 -16.12276882 1490 1e-04 0 0.0524693487159179
"402" -39.399663561 -16.62276882 1491 1e-04 0 0.051559434833327
"403" -39.399663561 -17.12276882 1492 1e-04 0 0.0512686967759708
"404" -39.399663561 -17.62276882 1493 1e-04 0 0.0510556151812034
"405" -38.899663561 -12.12276882 1528 1.46491721261188 0.00541860600238308 0.0545080052333007
"406" -38.899663561 -12.62276882 1529 1.63706827158275 0.00597973732061193 0.0535554359070492
"407" -38.899663561 -13.12276882 1530 1.60063086300246 0.00557468860352732 0.0534623127519465
"408" -38.899663561 -15.62276882 1535 1e-04 0 0.0513718363588353
"409" -38.899663561 -16.12276882 1536 1e-04 0 0.0509209982984373
"410" -38.399663561 -12.12276882 1574 1.47714285154605 0.00540590664269921 0.0538355832899179
"411" -38.399663561 -12.62276882 1575 1.37250393114653 0.00538574054491065 0.0547283819191515
"412" -37.899663561 -11.12276882 1618 1.5759908083311 0.00546333248866741 0.0547211718242558
"413" -37.899663561 -11.62276882 1619 1.49148077777978 0.00477642254201225 0.0545068581036934
"414" -37.899663561 -12.12276882 1620 1.41309260857942 0.0048989391258666 0.05502610833923
"415" -37.399663561 -10.62276882 1663 1.60836700759099 0.00583950952498343 0.0553484417109544
"416" -37.399663561 -11.12276882 1664 1.46812266269849 0.00529996664678465 0.0552151130481912
"417" -37.399663561 -11.62276882 1665 1.4325837460721 0.0047115065316123 0.0552145193864812
"418" -36.899663561 -10.62276882 1709 1.48417070785953 0.00540659176455885 0.0546016274093322
"419" -36.399663561 -8.62276882 1751 1.8444531620551 0.00535783550198896 0.0546229029921812
"420" -36.399663561 -9.12276882 1752 1.70783440931028 0.0050267022858806 0.055658464965515
"421" -36.399663561 -9.62276882 1753 1.68017879134574 0.00497094306890799 0.0546986992723974
"422" -35.899663561 -8.12276882 1796 1.77149131317906 0.00507633153948727 0.0551621354940036
"423" -35.899663561 -8.62276882 1797 1.74006357619337 0.00524248838348917 0.055138526538735
"424" -35.899663561 -9.12276882 1798 1.74900317215778 0.00547473643075854 0.0562669875832224
"425" -35.899663561 -9.62276882 1799 1.67118708805483 0.00515110477219456 0.0554304498664797
"426" -35.399663561 -7.62276882 1841 1.98740947179442 0.00592684001676228 0.0558162725829364
"427" -35.399663561 -8.12276882 1842 1.80026373678239 0.00540654448186099 0.0557712670459106
"428" -35.399663561 -8.62276882 1843 1.75072596844637 0.00522100385456879 0.0557153820419266
"429" -35.399663561 -9.12276882 1844 1.81215144102343 0.00543372860077002 0.0559891274315402
"430" -34.899663561 -7.62276882 1887 4.17720687130715 0.0145405349338619 0.0561751083304389
"431" -34.899663561 -8.12276882 1888 1.77352517491997 0.00549031096538171 0.0561410953082147
