"V1" "V2" "id" "mean_age_arrival" "diversification_model_based" "diversification"
"0" -55.399663561 -22.62276882 31 3.34029117967216 0.0105398293882349 0.0531366184365728
"1" -55.399663561 -23.12276882 32 2.88552451590035 0.0100696959337024 0.0540521881785946
"2" -55.399663561 -23.62276882 33 3.99590222547528 0.0096573537653843 0.0528904291232426
"3" -55.399663561 -28.12276882 42 4.12176295934881 0.0109741027515321 0.0529243392767495
"4" -54.899663561 -22.12276882 76 3.25816631820036 0.0100306413649411 0.0524991550820728
"5" -54.899663561 -22.62276882 77 3.32278735136402 0.00931553056504229 0.0526272354969725
"6" -54.899663561 -23.12276882 78 2.99570967899838 0.0087259281445348 0.0525644575666052
"7" -54.899663561 -23.62276882 79 3.27667639124503 0.00934308368015984 0.0562920253181614
"8" -54.899663561 -27.62276882 87 3.68328817643936 0.00938414776135108 0.0541814171204716
"9" -54.899663561 -28.12276882 88 3.01357262226691 0.00978288561367774 0.0585884342940415
"10" -54.399663561 -21.62276882 121 3.10346606533445 0.0101992599246056 0.0527444733364801
"11" -54.399663561 -22.12276882 122 3.1568833611412 0.00867556011298519 0.0522377054619675
"12" -54.399663561 -22.62276882 123 3.32599675548805 0.00902837933981878 0.0528643925418524
"13" -54.399663561 -23.12276882 124 2.8441448424971 0.00792345292812166 0.0521794700244173
"14" -54.399663561 -23.62276882 125 1e-04 0 0.058537039070753
"15" -54.399663561 -24.12276882 126 1e-04 0 0.0575490199138133
"16" -54.399663561 -24.62276882 127 1e-04 0 0.0595839580332976
"17" -54.399663561 -25.12276882 128 1e-04 0 0.0568892642275426
"18" -54.399663561 -25.62276882 129 3.84461135363768 0.00870123541652546 0.0531151114814263
"19" -54.399663561 -27.62276882 133 2.79823267988769 0.00990201023237028 0.0573400093053833
"20" -54.399663561 -28.12276882 134 2.84235258691084 0.00916375325569322 0.0594857631976969
"21" -53.899663561 -22.12276882 168 3.14008275231649 0.00918818810594852 0.0523801655676254
"22" -53.899663561 -22.62276882 169 3.2676476896023 0.00891613146092601 0.0530410418878969
"23" -53.899663561 -23.12276882 170 0.144093886225789 4.84680256460746e-05 0.0535396327489171
"24" -53.899663561 -23.62276882 171 1e-04 0 0.057864185521765
"25" -53.899663561 -24.12276882 172 1e-04 0 0.0581349712307495
"26" -53.899663561 -24.62276882 173 1e-04 0 0.0606554829568734
"27" -53.899663561 -25.12276882 174 1e-04 0 0.0598716113821462
"28" -53.899663561 -25.62276882 175 2.92113786874787 0.00931995076143227 0.0555882086104677
"29" -53.899663561 -26.12276882 176 1e-04 0 0.0570459774764696
"30" -53.899663561 -26.62276882 177 2.63813684004101 0.0091102114809733 0.0549379219023317
"31" -53.899663561 -27.12276882 178 2.67008634308454 0.00905976138694054 0.0553116063099111
"32" -53.899663561 -27.62276882 179 1e-04 0 0.0617396137429629
"33" -53.899663561 -28.12276882 180 2.86795641147395 0.0107473240392436 0.061716627079925
"34" -53.899663561 -29.62276882 183 3.18542261168313 0.0112305698913598 0.05656571852924
"35" -53.399663561 -22.12276882 214 3.37415267835305 0.00928321654866793 0.0533004472382439
"36" -53.399663561 -22.62276882 215 0.139085403226631 4.74419437230549e-05 0.0544391228509327
"37" -53.399663561 -23.12276882 216 0.135551876025954 4.57451485276738e-05 0.0544233898434918
"38" -53.399663561 -23.62276882 217 1e-04 0 0.0584654166463915
"39" -53.399663561 -24.12276882 218 1e-04 0 0.0591457029280197
"40" -53.399663561 -24.62276882 219 1e-04 0 0.0611880516854675
"41" -53.399663561 -25.12276882 220 1e-04 0 0.060628527803808
"42" -53.399663561 -25.62276882 221 1e-04 0 0.0605975802050996
"43" -53.399663561 -26.12276882 222 1e-04 0 0.0595542732519973
"44" -53.399663561 -26.62276882 223 1e-04 0 0.0598307544676313
"45" -53.399663561 -27.12276882 224 1e-04 0 0.0593742566149342
"46" -53.399663561 -27.62276882 225 1e-04 0 0.0599617133828763
"47" -53.399663561 -29.12276882 228 3.06597301374501 0.0106520672848516 0.0564762160995503
"48" -53.399663561 -29.62276882 229 3.07044602176818 0.0115585868610779 0.0576044257759222
"49" -52.899663561 -22.12276882 260 3.1319214997856 0.00838505103990007 0.0546301991269673
"50" -52.899663561 -22.62276882 261 3.0024559454718 0.00862571244495658 0.0554009828428624
"51" -52.899663561 -23.12276882 262 0.132193565050104 4.55925891153183e-05 0.0561455859753915
"52" -52.899663561 -23.62276882 263 0.134413624966912 4.71511807703871e-05 0.0574482069853649
"53" -52.899663561 -24.12276882 264 1e-04 0 0.0596439981818518
"54" -52.899663561 -24.62276882 265 1e-04 0 0.0608572342984596
"55" -52.899663561 -25.12276882 266 1e-04 0 0.0614702062897317
"56" -52.899663561 -25.62276882 267 1e-04 0 0.0599898253828564
"57" -52.899663561 -26.12276882 268 1e-04 0 0.0614319179822737
"58" -52.899663561 -26.62276882 269 1e-04 0 0.0604625938776205
"59" -52.899663561 -27.12276882 270 2.72974155997669 0.00898256476296547 0.0594761706489741
"60" -52.899663561 -27.62276882 271 2.81594076713385 0.0092403895780228 0.0585254732588818
"61" -52.899663561 -28.12276882 272 2.8689648764218 0.0109195420442546 0.0601849759839659
"62" -52.899663561 -28.62276882 273 3.08346468720119 0.0105428932996115 0.0597720188144742
"63" -52.899663561 -29.12276882 274 2.70676234987471 0.00978060805220359 0.0565364815411137
"64" -52.899663561 -29.62276882 275 3.46850875437979 0.0113559326207233 0.0554471130265534
"65" -52.399663561 -22.12276882 306 3.33297746002689 0.00887795709665081 0.0551107914363644
"66" -52.399663561 -22.62276882 307 3.43960916952622 0.00910463267000748 0.0551534199235874
"67" -52.399663561 -23.12276882 308 0.126951756913195 4.4284208722043e-05 0.0576162465475976
"68" -52.399663561 -23.62276882 309 0.134413624966912 4.64311023931376e-05 0.0573656006975005
"69" -52.399663561 -24.12276882 310 1e-04 0 0.0599147911327929
"70" -52.399663561 -24.62276882 311 1e-04 0 0.0599560453327586
"71" -52.399663561 -25.12276882 312 1e-04 0 0.0605696953583044
"72" -52.399663561 -25.62276882 313 1e-04 0 0.0597875964266342
"73" -52.399663561 -26.12276882 314 1e-04 0 0.061923986205949
"74" -52.399663561 -26.62276882 315 1e-04 0 0.0612171180806843
"75" -52.399663561 -27.12276882 316 2.99156711659189 0.0102617887295382 0.0619901240974552
"76" -52.399663561 -27.62276882 317 1e-04 0 0.060364784528388
"77" -52.399663561 -28.12276882 318 2.99236541238052 0.0116451602772056 0.0617427384891203
"78" -52.399663561 -28.62276882 319 2.74004910162705 0.0107474837928882 0.0615129298520688
"79" -52.399663561 -29.12276882 320 2.72944461373553 0.0104936083015922 0.0591890952501934
"80" -52.399663561 -29.62276882 321 3.30848597320662 0.0103113232114016 0.0544922866734232
"81" -51.899663561 -21.12276882 350 2.51210967737205 0.00827754960462007 0.0540205963839866
"82" -51.899663561 -21.62276882 351 3.01017920481689 0.00916052458843045 0.0550362811569758
"83" -51.899663561 -22.12276882 352 3.05167020644607 0.00868473438611143 0.055380315085492
"84" -51.899663561 -22.62276882 353 0.120275348654606 4.12975314365757e-05 0.0555184814257404
"85" -51.899663561 -23.12276882 354 0.125952924181595 4.34022205334069e-05 0.0570641371387796
"86" -51.899663561 -23.62276882 355 0.132193565050104 4.52104608321918e-05 0.0567130982801573
"87" -51.899663561 -24.12276882 356 1e-04 0 0.0585651658920662
"88" -51.899663561 -24.62276882 357 1e-04 0 0.0596881826610794
"89" -51.899663561 -25.12276882 358 1e-04 0 0.060368762646584
"90" -51.899663561 -25.62276882 359 1e-04 0 0.0609113072419477
"91" -51.899663561 -26.12276882 360 1e-04 0 0.0607767261359712
"92" -51.899663561 -26.62276882 361 1e-04 0 0.0623122313691506
"93" -51.899663561 -27.12276882 362 1e-04 0 0.0635341761329327
"94" -51.899663561 -27.62276882 363 1e-04 0 0.0623937956785191
"95" -51.899663561 -28.12276882 364 1e-04 0 0.0627151676736064
"96" -51.899663561 -28.62276882 365 2.60249835263155 0.0101575383245582 0.0606068054381517
"97" -51.899663561 -29.12276882 366 3.32187191979783 0.010430555756861 0.0555667191125621
"98" -51.899663561 -29.62276882 367 3.26551992160654 0.0104470397779949 0.0547818098732994
"99" -51.399663561 -20.12276882 394 96.621039997736 0.0377962114881689 0.0517153581108564
"100" -51.399663561 -20.62276882 395 97.164773857894 0.0374052202559863 0.0513771130011766
"101" -51.399663561 -21.12276882 396 2.74838770383969 0.00895237005801925 0.0547160724339399
"102" -51.399663561 -21.62276882 397 2.7530733222537 0.00911315978314821 0.055534302752815
"103" -51.399663561 -22.12276882 398 2.99298474756681 0.00914322532389351 0.0559973936970792
"104" -51.399663561 -22.62276882 399 3.14951127441909 0.00929131256487201 0.0557966843902058
"105" -51.399663561 -23.12276882 400 0.120275348654606 4.20805290398444e-05 0.0572803017805743
"106" -51.399663561 -23.62276882 401 0.126951756913195 4.35409453801562e-05 0.0568278560180271
"107" -51.399663561 -24.12276882 402 1e-04 0 0.0580343899891199
"108" -51.399663561 -24.62276882 403 1e-04 0 0.0605475487866797
"109" -51.399663561 -25.12276882 404 1e-04 0 0.0603117607449446
"110" -51.399663561 -25.62276882 405 1e-04 0 0.0613336195113456
"111" -51.399663561 -26.12276882 406 1e-04 0 0.0614801662753666
"112" -51.399663561 -26.62276882 407 1e-04 0 0.0632258863778478
"113" -51.399663561 -27.12276882 408 3.06447836403255 0.0121396769487862 0.0625535665759202
"114" -51.399663561 -27.62276882 409 2.7504433392516 0.00990159418180262 0.0596895830555128
"115" -51.399663561 -28.12276882 410 2.87934144719019 0.00974163504571307 0.0587541762397892
"116" -51.399663561 -28.62276882 411 2.63311480383898 0.0098897723653951 0.0575624566132352
"117" -51.399663561 -29.12276882 412 3.32187191979783 0.0106618778213621 0.0561775756999227
"118" -51.399663561 -29.62276882 413 3.40815170992245 0.0110692242485981 0.0548763737260726
"119" -50.899663561 -18.62276882 437 99.1459928157374 0.037286825209734 0.0501150864772403
"120" -50.899663561 -19.12276882 438 99.8750067335002 0.0375546880265934 0.0498475538212343
"121" -50.899663561 -19.62276882 439 98.3252932195926 0.0382916519775676 0.0519969186340093
"122" -50.899663561 -20.12276882 440 97.1115439779825 0.0381888995862334 0.0519115175294405
"123" -50.899663561 -20.62276882 441 97.1307926846291 0.0377694742174751 0.0520393924314464
"124" -50.899663561 -21.12276882 442 96.54048779585 0.039253955032041 0.0548814358513854
"125" -50.899663561 -21.62276882 443 2.6554501547979 0.00886531504960122 0.0555837187436763
"126" -50.899663561 -22.12276882 444 2.95022925117299 0.00902896260209752 0.0554818344647733
"127" -50.899663561 -22.62276882 445 3.10319640273646 0.00935780649022792 0.0570179434158742
"128" -50.899663561 -23.12276882 446 3.14951127441909 0.00945852844749055 0.0572734286328604
"129" -50.899663561 -23.62276882 447 0.125952924181595 4.3198898942485e-05 0.0570660854389358
"130" -50.899663561 -24.12276882 448 1e-04 0 0.0583787633173208
"131" -50.899663561 -24.62276882 449 1e-04 0 0.0598499345881343
"132" -50.899663561 -25.12276882 450 1e-04 0 0.0587418469960965
"133" -50.899663561 -25.62276882 451 1e-04 0 0.0603338891377021
"134" -50.899663561 -26.12276882 452 1e-04 0 0.0603345652595374
"135" -50.899663561 -26.62276882 453 3.2689892768646 0.0111198183792748 0.0592709461804727
"136" -50.899663561 -27.12276882 454 2.8650900196542 0.0115089810272483 0.0579130829553805
"137" -50.899663561 -27.62276882 455 2.74134453643174 0.00985128984974569 0.0587321592623357
"138" -50.899663561 -28.12276882 456 2.81650141074528 0.00956048261731629 0.057172663198095
"139" -50.899663561 -28.62276882 457 2.67193906780467 0.00895784019157458 0.0564751136329262
"140" -50.899663561 -29.12276882 458 3.19454112357075 0.00921231275451261 0.055633433889244
"141" -50.899663561 -29.62276882 459 3.45299449557933 0.0111711661443597 0.0538113462586028
"142" -50.399663561 -18.62276882 483 99.8143019703627 0.037765416245296 0.050366404303574
"143" -50.399663561 -19.12276882 484 97.7044191097204 0.0382807595131162 0.0523494563118724
"144" -50.399663561 -19.62276882 485 100.068755878226 0.0397043855981403 0.0530111999973393
"145" -50.399663561 -20.12276882 486 96.8782204369646 0.0386079341487763 0.0524096311105063
"146" -50.399663561 -20.62276882 487 96.3795952560925 0.0388011192260681 0.053266899096824
"147" -50.399663561 -21.12276882 488 94.7254624462479 0.0400159311009401 0.055333865142578
"148" -50.399663561 -21.62276882 489 2.58219911604485 0.00875835173760295 0.0560432217575397
"149" -50.399663561 -22.12276882 490 2.86828121641819 0.00891173964297295 0.0560540593248345
"150" -50.399663561 -22.62276882 491 2.97207965332506 0.0091279779725612 0.0572631653903088
"151" -50.399663561 -23.12276882 492 3.10319640273646 0.00937667027000812 0.0573505110118049
"152" -50.399663561 -23.62276882 493 0.121185767962595 4.25720902679012e-05 0.0573727644377272
"153" -50.399663561 -24.12276882 494 1e-04 0 0.0591128681870699
"154" -50.399663561 -24.62276882 495 1e-04 0 0.0593741814339803
"155" -50.399663561 -25.12276882 496 1e-04 0 0.0594605726645201
"156" -50.399663561 -25.62276882 497 1e-04 0 0.0583164846615826
"157" -50.399663561 -26.12276882 498 2.90302579048527 0.00930960488236137 0.0580959915662088
"158" -50.399663561 -26.62276882 499 3.15667950033349 0.0100466660799087 0.0585875161041753
"159" -50.399663561 -27.12276882 500 3.20762901234594 0.0117694732880279 0.0589767440632464
"160" -50.399663561 -27.62276882 501 3.12378363203443 0.00935015710550568 0.0564641742720163
"161" -50.399663561 -28.12276882 502 3.02822914342429 0.00928167530196715 0.0563269089315724
"162" -50.399663561 -28.62276882 503 2.6359705283536 0.00947673300367531 0.0565631320732438
"163" -50.399663561 -29.12276882 504 2.8125621766365 0.00930483563478594 0.0560070884904112
"164" -50.399663561 -29.62276882 505 3.3843711964904 0.0100092830953 0.0551708749510253
"165" -49.899663561 -18.62276882 529 99.1007648947249 0.039210361029414 0.0524092111280461
"166" -49.899663561 -20.12276882 532 97.5778088506565 0.0387140985783605 0.0532077161036761
"167" -49.899663561 -20.62276882 533 96.1667704403593 0.0397288907581068 0.0543843309233502
"168" -49.899663561 -21.12276882 534 95.9567277571406 0.0399135395954994 0.0552463109550782
"169" -49.899663561 -21.62276882 535 2.58219911604485 0.00881878448069962 0.0559500830941727
"170" -49.899663561 -22.12276882 536 2.61549799134995 0.00944330875453881 0.058020801653716
"171" -49.899663561 -22.62276882 537 2.91059041911833 0.0089771607196803 0.0570988523034249
"172" -49.899663561 -23.12276882 538 3.01574028354539 0.00840309042378148 0.0566081018327492
"173" -49.899663561 -23.62276882 539 0.120275348654606 4.24683719999466e-05 0.057462407829661
"174" -49.899663561 -24.12276882 540 1e-04 0 0.0581342083744218
"175" -49.899663561 -24.62276882 541 1e-04 0 0.0562441256409153
"176" -49.899663561 -25.12276882 542 2.99277025270687 0.00872127806749022 0.0558276160553874
"177" -49.899663561 -25.62276882 543 3.11643431273608 0.00867329107530541 0.0550814831126006
"178" -49.899663561 -26.12276882 544 3.30949924126549 0.00966058700675029 0.055030606720786
"179" -49.899663561 -26.62276882 545 3.02840339886917 0.0109881025551846 0.0571953250764774
"180" -49.899663561 -27.12276882 546 3.24822841068169 0.0117747787843809 0.0587070755645211
"181" -49.899663561 -27.62276882 547 2.79220695007197 0.0112812471600968 0.0582005465448195
"182" -49.899663561 -28.12276882 548 2.59415407107277 0.0107211656197632 0.0572501363239682
"183" -49.899663561 -28.62276882 549 1e-04 0 0.0566972915266571
"184" -49.899663561 -29.12276882 550 2.38504560352511 0.0119971450611017 0.0576047804543839
"185" -49.899663561 -29.62276882 551 2.35142026090952 0.0107800927474331 0.0551420210117217
"186" -49.399663561 -18.62276882 575 100.326452790473 0.0405120883109983 0.0529214657840333
"187" -49.399663561 -20.12276882 578 98.8078311120059 0.0395073468483121 0.0540085033632366
"188" -49.399663561 -20.62276882 579 97.9674964585988 0.0394418608891708 0.0542393413123097
"189" -49.399663561 -21.12276882 580 96.5245672891076 0.0400162994409548 0.0553807619621345
"190" -49.399663561 -21.62276882 581 96.9589096250112 0.0407695577447113 0.0562975476351753
"191" -49.399663561 -22.12276882 582 98.3173873430083 0.0411553119657461 0.057088565473104
"192" -49.399663561 -23.12276882 584 2.85533857204875 0.00887985920174194 0.0574358984050574
"193" -49.399663561 -23.62276882 585 2.81870309119171 0.00871869164761306 0.0554114179991674
"194" -49.399663561 -24.62276882 587 1e-04 0 0.0570422365955681
"195" -49.399663561 -25.12276882 588 1e-04 0 0.0565104394831252
"196" -49.399663561 -25.62276882 589 1e-04 0 0.0576134373695682
"197" -49.399663561 -26.12276882 590 3.47858040111068 0.0114659665027573 0.0544375520086106
"198" -49.399663561 -26.62276882 591 2.82276711474543 0.0115397027574244 0.0565496397348508
"199" -49.399663561 -27.12276882 592 2.76849695096914 0.0113534012283464 0.0592768560507669
"200" -49.399663561 -27.62276882 593 2.5404311070086 0.0107656740227338 0.0583073189654417
"201" -49.399663561 -28.12276882 594 2.62578664330545 0.0105197074760515 0.0576730768359363
"202" -49.399663561 -28.62276882 595 1e-04 0 0.0612546577098124
"203" -48.899663561 -18.12276882 620 99.0008820988617 0.0397626651142573 0.0526487059513943
"204" -48.899663561 -18.62276882 621 101.958061168579 0.0409635870215707 0.0532723890191922
"205" -48.899663561 -20.62276882 625 98.5291563343382 0.0395903165046947 0.0543381395316757
"206" -48.899663561 -21.12276882 626 96.1374548132732 0.0400557652222759 0.0551852491414781
"207" -48.899663561 -21.62276882 627 96.3467154616921 0.0410533658446825 0.0568209024023578
"208" -48.899663561 -22.12276882 628 96.6542555191061 0.0415825935724961 0.0572421032604848
"209" -48.899663561 -24.12276882 632 1e-04 0 0.0562979678868521
"210" -48.899663561 -24.62276882 633 1e-04 0 0.0563991178482591
"211" -48.899663561 -25.12276882 634 1e-04 0 0.0557217670525421
"212" -48.899663561 -25.62276882 635 2.99802513734656 0.0107116667645606 0.0556531215393842
"213" -48.899663561 -26.12276882 636 3.01322834883054 0.0111103909342256 0.0551800560829665
"214" -48.899663561 -26.62276882 637 3.27987123787118 0.0119557567772356 0.0557737205976426
"215" -48.899663561 -27.12276882 638 2.5964194342789 0.0106889037934098 0.0575404855235161
"216" -48.899663561 -27.62276882 639 2.62802873138821 0.0114321608975039 0.0593606934182156
"217" -48.899663561 -28.12276882 640 2.63348152685343 0.0108271549438473 0.0588268173103035
"218" -48.899663561 -28.62276882 641 1e-04 0 0.0588313368072945
"219" -48.399663561 -18.12276882 666 100.820076869575 0.040216436165683 0.052996321266829
"220" -48.399663561 -18.62276882 667 102.592769596431 0.0405245794530256 0.0528535008847111
"221" -48.399663561 -22.12276882 674 96.3757540924017 0.039842456323564 0.0548892073950047
"222" -48.399663561 -23.12276882 676 3.09216392887417 0.00961497016913972 0.0557369956761152
"223" -48.399663561 -23.62276882 677 2.76972399382004 0.00936135624140934 0.0555531419536734
"224" -48.399663561 -24.12276882 678 1e-04 0 0.0553784435365156
"225" -48.399663561 -24.62276882 679 2.3034157990833 0.00874363831125917 0.0557127379646224
"226" -48.399663561 -25.12276882 680 1e-04 0 0.0565668149806117
"227" -48.399663561 -25.62276882 681 1e-04 0 0.0561418470385643
"228" -47.899663561 -23.12276882 722 3.0221500567432 0.00980496383525572 0.0563460943999915
"229" -47.899663561 -23.62276882 723 2.67338400722547 0.00977859292455346 0.0561405446430384
"230" -47.899663561 -24.12276882 724 1e-04 0 0.0554546309388543
"231" -47.899663561 -24.62276882 725 2.26250718379133 0.00844276963575264 0.0557213529409001
"232" -47.899663561 -25.12276882 726 1e-04 0 0.0554435153567806
"233" -47.399663561 -21.62276882 765 95.6207925726217 0.0391910694074752 0.0548571740580596
"234" -47.399663561 -22.12276882 766 95.9272581090893 0.0393237400703322 0.0557981135084355
"235" -47.399663561 -22.62276882 767 2.64475219049085 0.00939329216750074 0.0574099959736267
"236" -47.399663561 -23.12276882 768 3.00466266297443 0.0091582749678394 0.0552079151631834
"237" -47.399663561 -23.62276882 769 2.67061477504071 0.00924643011311295 0.0555393147623477
"238" -47.399663561 -24.12276882 770 2.29776148346931 0.00976587829361485 0.0552598114612662
"239" -47.399663561 -24.62276882 771 2.38623257665492 0.00910466091295619 0.0562797864403852
"240" -46.899663561 -20.62276882 809 106.007194919333 0.0422253173055142 0.0539787033031384
"241" -46.899663561 -21.12276882 810 100.18984849301 0.0395865250895848 0.0537381902864387
"242" -46.899663561 -21.62276882 811 96.9470860885757 0.0404911088287868 0.0560355155549576
"243" -46.899663561 -22.62276882 813 2.79078989248283 0.00887546252293739 0.0546239326876113
"244" -46.899663561 -23.12276882 814 2.95871656649626 0.00907061841406029 0.0547261405795935
"245" -46.899663561 -23.62276882 815 2.7210018462679 0.00951302866244603 0.0553324789776878
"246" -46.899663561 -24.12276882 816 2.42459387598869 0.0097417208876406 0.0554094385296107
"247" -46.399663561 -21.12276882 856 101.459026439224 0.041331739702786 0.0559290873946566
"248" -46.399663561 -21.62276882 857 103.110430086772 0.0422347566781998 0.0556952007597339
"249" -46.399663561 -22.12276882 858 100.714420621982 0.0406743820481638 0.0552422611526232
"250" -46.399663561 -22.62276882 859 99.4290085207129 0.0395596729412182 0.0543770176781723
"251" -46.399663561 -23.12276882 860 2.73305133376703 0.00905816829468778 0.054462319202387
"252" -46.399663561 -23.62276882 861 2.52580301422359 0.00971509942096652 0.0542652613435259
"253" -45.899663561 -21.12276882 902 104.578435585694 0.0426782358116298 0.0560919374425854
"254" -45.899663561 -21.62276882 903 103.698483484046 0.0412518838821653 0.0548866226378164
"255" -45.899663561 -22.12276882 904 102.200337583125 0.0414766103357665 0.0553320307534943
"256" -45.899663561 -22.62276882 905 102.539663011407 0.0405039988249494 0.0551086686266005
"257" -45.899663561 -23.12276882 906 103.045346071775 0.0395164378038913 0.0541185357690223
"258" -45.899663561 -23.62276882 907 100.649358875321 0.0380787525852667 0.053275951743147
"259" -45.399663561 -20.12276882 946 105.975284963655 0.0430695688812166 0.0565186397509328
"260" -45.399663561 -20.62276882 947 106.519621055342 0.0446719403368522 0.0587674726970497
"261" -45.399663561 -21.12276882 948 106.010431229838 0.0436143587700464 0.0578361056864366
"262" -45.399663561 -21.62276882 949 102.565759392677 0.0411213828590584 0.0552673830569568
"263" -45.399663561 -22.12276882 950 103.35400955391 0.040703916988277 0.0545122714492759
"264" -45.399663561 -22.62276882 951 104.9447754972 0.0399462589356249 0.0541824349099153
"265" -45.399663561 -23.12276882 952 100.538341124944 0.0385180383218888 0.0534001336017939
"266" -45.399663561 -23.62276882 953 98.4089510230805 0.0369981659719924 0.0523093292012353
"267" -44.899663561 -19.62276882 991 107.088504897166 0.0431084971918294 0.0565614262505099
"268" -44.899663561 -20.62276882 993 105.460188162326 0.0416206413166488 0.0556735786459883
"269" -44.899663561 -21.12276882 994 103.220656860264 0.0412528379897404 0.0553628791045568
"270" -44.899663561 -21.62276882 995 105.404086437114 0.0421467254684707 0.0561970820198081
"271" -44.899663561 -22.12276882 996 102.611274535827 0.040844051388801 0.0547437940201014
"272" -44.899663561 -22.62276882 997 101.403576264216 0.0395551464530083 0.0545110375759826
"273" -44.899663561 -23.12276882 998 100.420803740405 0.0384395720749261 0.0538202313815409
"274" -44.399663561 -20.12276882 1038 108.46576949468 0.0427003507690133 0.0562298027499298
"275" -44.399663561 -20.62276882 1039 108.264091891659 0.0407485096931935 0.0538336643878151
"276" -44.399663561 -21.12276882 1040 104.245351758121 0.0394476907637132 0.0532093023335807
"277" -44.399663561 -21.62276882 1041 102.489151925956 0.0417357438649193 0.0562778316991341
"278" -44.399663561 -22.12276882 1042 100.816906895943 0.0409156960986106 0.0556860317539513
"279" -44.399663561 -22.62276882 1043 98.3862557181048 0.0383841210926256 0.0537608512955039
"280" -43.899663561 -20.12276882 1084 103.097088216777 0.04026118335655 0.054205397706791
"281" -43.899663561 -20.62276882 1085 104.028538938662 0.0389663648141116 0.0519678337328101
"282" -43.899663561 -21.12276882 1086 102.891875446893 0.0382965049963439 0.0515158057046362
"283" -43.899663561 -21.62276882 1087 101.570093018758 0.0406533359845582 0.0549337827011363
"284" -43.899663561 -22.12276882 1088 100.334516869841 0.0380812141009739 0.052510529459368
"285" -43.899663561 -22.62276882 1089 101.298154179547 0.0383780595382972 0.0536327609809721
"286" -43.399663561 -18.62276882 1127 107.760292764861 0.0398151664356379 0.0531547545993264
"287" -43.399663561 -19.12276882 1128 102.663190091583 0.0390094457867647 0.0533042550121456
"288" -43.399663561 -19.62276882 1129 101.431635442984 0.038464178372622 0.0528364661416789
"289" -43.399663561 -20.12276882 1130 3.5381553460401 0.0028847315318781 0.0495371585527387
"290" -43.399663561 -20.62276882 1131 102.018941506499 0.0372745733128446 0.050812437840346
"291" -43.399663561 -21.12276882 1132 105.159057160294 0.0379340141940665 0.0505809011443035
"292" -43.399663561 -21.62276882 1133 100.874455678438 0.0382839972033661 0.0518204068172872
"293" -43.399663561 -22.12276882 1134 101.174744544915 0.0378911479989905 0.0517763712793239
"294" -43.399663561 -22.62276882 1135 97.6066694620788 0.0361369728216501 0.0514197041050945
"295" -42.899663561 -17.62276882 1171 109.068276323509 0.040607153370369 0.0526249437321463
"296" -42.899663561 -18.12276882 1172 107.850697715157 0.0386418380282271 0.0520036408066967
"297" -42.899663561 -18.62276882 1173 107.332542147818 0.0402124430727807 0.0542472448201755
"298" -42.899663561 -19.12276882 1174 106.549585341912 0.0387760707375506 0.0518989180885543
"299" -42.899663561 -19.62276882 1175 105.42880568239 0.0382011479151192 0.0512262777518277
"300" -42.899663561 -20.12276882 1176 105.547088527992 0.0373594428829135 0.0492126126854308
"301" -42.899663561 -20.62276882 1177 104.448333639539 0.0369179859787411 0.0485958615507449
"302" -42.899663561 -21.12276882 1178 3.37752359724831 0.00302185661079947 0.048049328714585
"303" -42.899663561 -21.62276882 1179 3.13481464125772 0.00361944598571276 0.0500741589027992
"304" -42.899663561 -22.12276882 1180 99.0178135608564 0.0364088047681096 0.049903199085066
"305" -42.899663561 -22.62276882 1181 96.0426425627872 0.0342767400965356 0.0491036385930533
"306" -42.399663561 -15.12276882 1212 106.093481621177 0.0426418945475236 0.051852840216026
"307" -42.399663561 -15.62276882 1213 105.486390182467 0.0409220471281319 0.0510387829866982
"308" -42.399663561 -17.62276882 1217 111.198867267961 0.0420240183531805 0.0535850833667676
"309" -42.399663561 -18.12276882 1218 112.984498781035 0.0407061393539459 0.0517427104736255
"310" -42.399663561 -18.62276882 1219 110.833074574482 0.0407724144297311 0.0529800793742064
"311" -42.399663561 -19.12276882 1220 109.090130950733 0.0399684658439157 0.0522279843972648
"312" -42.399663561 -19.62276882 1221 106.601180258327 0.0385810025123532 0.0503941434501092
"313" -42.399663561 -20.12276882 1222 104.460723085262 0.0377182599775721 0.0497425784761216
"314" -42.399663561 -20.62276882 1223 4.24140180993408 0.00307560032738584 0.0482360286189466
"315" -42.399663561 -21.12276882 1224 3.64508501890647 0.00315605668130712 0.0474896227226326
"316" -42.399663561 -21.62276882 1225 3.2442984212326 0.00324709243518256 0.0495017480551021
"317" -42.399663561 -22.12276882 1226 97.9770277926766 0.0359789731441985 0.0502133564912184
"318" -42.399663561 -22.62276882 1227 97.6443997181463 0.03428913779587 0.0484398170686412
"319" -41.899663561 -15.12276882 1258 103.634423939062 0.0408473430654069 0.0508318526589492
"320" -41.899663561 -15.62276882 1259 104.170526453756 0.0427557665865347 0.0531317435681352
"321" -41.899663561 -16.12276882 1260 105.100545413008 0.0418632135169334 0.0524656676449614
"322" -41.899663561 -16.62276882 1261 106.627433446507 0.0415538394135659 0.0514627196066041
"323" -41.899663561 -17.12276882 1262 107.222807370131 0.039848868214405 0.0509458402481046
"324" -41.899663561 -17.62276882 1263 110.858665606148 0.0410500411400869 0.0526274683956959
"325" -41.899663561 -18.12276882 1264 112.87423426253 0.0403283933975529 0.0511142390484596
"326" -41.899663561 -18.62276882 1265 109.090130950733 0.0399723417907157 0.0520805953584003
"327" -41.899663561 -19.12276882 1266 106.037896802737 0.038122879030995 0.0502375157381137
"328" -41.899663561 -19.62276882 1267 103.15093326483 0.036122669907986 0.0488497394839778
"329" -41.899663561 -20.12276882 1268 4.21156427975568 0.00300296830613158 0.0485608941483379
"330" -41.899663561 -20.62276882 1269 4.38046088566962 0.00315483451341679 0.0476805234698793
"331" -41.899663561 -21.12276882 1270 3.30071926334099 0.00332911876305648 0.0495691771032975
"332" -41.899663561 -21.62276882 1271 102.658005221782 0.0359601945817253 0.0493611275949476
"333" -41.899663561 -22.12276882 1272 3.3726115017744 0.00340348410156411 0.0472826436283
"334" -41.899663561 -22.62276882 1273 107.042158430008 0.0343030769714426 0.0475862632320104
"335" -41.399663561 -15.12276882 1304 4.09780589537144 0.00190210552826242 0.049725249520946
"336" -41.399663561 -15.62276882 1305 106.13228052812 0.0406198234285791 0.0503182496416018
"337" -41.399663561 -16.12276882 1306 107.529530294365 0.0412940253017259 0.0511211002868977
"338" -41.399663561 -16.62276882 1307 112.164145213348 0.0426090514849534 0.051958095751868
"339" -41.399663561 -17.12276882 1308 111.621433247193 0.0410158925524002 0.0522723930650156
"340" -41.399663561 -17.62276882 1309 109.948301444752 0.0402873475189659 0.0518543069698981
"341" -41.399663561 -18.12276882 1310 108.948772340709 0.0396930919935661 0.0514810116559908
"342" -41.399663561 -18.62276882 1311 111.006607012532 0.0398361356450084 0.0516289607086396
"343" -41.399663561 -19.12276882 1312 106.053684170377 0.0359132368392737 0.04848692154242
"344" -41.399663561 -19.62276882 1313 102.445621664452 0.0357050662578372 0.0483482663404483
"345" -41.399663561 -20.12276882 1314 99.6697735418772 0.0358524764892673 0.0492983721286955
"346" -41.399663561 -20.62276882 1315 3.41966049805599 0.00343163828727301 0.0499669583084684
"347" -41.399663561 -21.12276882 1316 3.54749453536649 0.00357845198782816 0.0492740690169232
"348" -41.399663561 -21.62276882 1317 3.44074304726479 0.00350261742610179 0.0468419002592561
"349" -41.399663561 -22.12276882 1318 112.133825674532 0.0346330268781949 0.0476528468175373
"350" -40.899663561 -14.62276882 1349 5.3523800636253 0.00257772604491746 0.0495099028145616
"351" -40.899663561 -15.12276882 1350 4.48887786160438 0.0022407232138829 0.0498134364889896
"352" -40.899663561 -15.62276882 1351 4.79064444053576 0.00238909165144002 0.0491546916466606
"353" -40.899663561 -16.12276882 1352 109.888532592301 0.0409661742970891 0.0506439516982748
"354" -40.899663561 -16.62276882 1353 108.4386437076 0.0405585893436394 0.0510093477283984
"355" -40.899663561 -17.12276882 1354 109.671443859469 0.0407071448808051 0.0509876361036185
"356" -40.899663561 -17.62276882 1355 108.225692110787 0.0397885657705928 0.0506041779484399
"357" -40.899663561 -18.12276882 1356 104.97716692299 0.0382541745630198 0.050671531240084
"358" -40.899663561 -18.62276882 1357 106.587289864397 0.0384084510666467 0.0506969828514493
"359" -40.899663561 -19.12276882 1358 106.083537543938 0.0369314247923132 0.048481681029193
"360" -40.899663561 -19.62276882 1359 100.554390499828 0.0359315105338085 0.0493131505210527
"361" -40.899663561 -20.12276882 1360 3.48240472737811 0.00355087791738871 0.0498837057602933
"362" -40.899663561 -20.62276882 1361 102.503403205128 0.0374159576321616 0.0502598651578361
"363" -40.899663561 -21.12276882 1362 3.29781349230752 0.00351461722914156 0.0478926564095312
"364" -40.399663561 -13.62276882 1393 6.07468603903382 0.00270192722880628 0.0479529898516205
"365" -40.399663561 -14.12276882 1394 6.06116445995223 0.00287756001278558 0.0484141416639913
"366" -40.399663561 -14.62276882 1395 4.81010857008971 0.00275289036353019 0.0505831450510994
"367" -40.399663561 -15.12276882 1396 4.71146188779964 0.00231844115603503 0.0490543619698536
"368" -40.399663561 -15.62276882 1397 4.91453783123928 0.00242632160256413 0.0483512536993719
"369" -40.399663561 -16.12276882 1398 105.378488025102 0.038786804415056 0.0493764093534837
"370" -40.399663561 -16.62276882 1399 104.559715827761 0.0392352240738523 0.0497685989010277
"371" -40.399663561 -17.12276882 1400 104.758133467178 0.0395715119087238 0.0506928959101159
"372" -40.399663561 -17.62276882 1401 104.437924222441 0.0387982949409413 0.0501152452126526
"373" -40.399663561 -18.12276882 1402 101.872912536808 0.0391560219970287 0.0511058886348546
"374" -40.399663561 -18.62276882 1403 101.710284931864 0.0374850400043267 0.0505870145615476
"375" -40.399663561 -19.12276882 1404 103.314557168418 0.0380420128439357 0.049534112058983
"376" -40.399663561 -19.62276882 1405 3.47014843370596 0.00200061395224822 0.0484095868353813
"377" -40.399663561 -20.12276882 1406 100.952294435814 0.0350172129839098 0.0486078234397463
"378" -40.399663561 -20.62276882 1407 98.7184360093812 0.0352264326579055 0.0496464144251784
"379" -39.899663561 -13.12276882 1438 6.15369979521867 0.00287376053516818 0.0477962711158281
"380" -39.899663561 -13.62276882 1439 6.01593263562423 0.00284338396451495 0.0484670762880122
"381" -39.899663561 -14.12276882 1440 5.31573497424845 0.0028399883707593 0.0497635345109641
"382" -39.899663561 -14.62276882 1441 4.47628579105669 0.00249608342944353 0.0495156955011673
"383" -39.899663561 -15.12276882 1442 4.75072323686463 0.00234922541145986 0.0489250030548687
"384" -39.899663561 -15.62276882 1443 5.11793480696434 0.00266350107833261 0.0487795441473505
"385" -39.899663561 -16.12276882 1444 5.22260361636454 0.00246200177668514 0.0485746900018885
"386" -39.899663561 -16.62276882 1445 5.22521488741003 0.00242096204197322 0.0489542413473886
"387" -39.899663561 -17.12276882 1446 100.647324922289 0.0376326687100594 0.0495565895291276
"388" -39.899663561 -17.62276882 1447 102.790776664755 0.0379412007166421 0.0494944980466579
"389" -39.899663561 -18.12276882 1448 103.05756432114 0.0398025903736396 0.049882408095296
"390" -39.899663561 -18.62276882 1449 100.518032893248 0.0385064744756527 0.0492871305431884
"391" -39.899663561 -19.12276882 1450 103.41394622587 0.0395239259178891 0.0491114904180815
"392" -39.899663561 -19.62276882 1451 102.819487873138 0.0381651206463259 0.0476830316362001
"393" -39.399663561 -12.12276882 1482 6.04860576933747 0.0029329360369695 0.0492973176036488
"394" -39.399663561 -12.62276882 1483 5.98645668951267 0.00302547235936515 0.0501754185351716
"395" -39.399663561 -13.12276882 1484 6.65913471307805 0.00334915358034759 0.0485941696276744
"396" -39.399663561 -13.62276882 1485 5.37920830268025 0.00327954271932637 0.0504973443937765
"397" -39.399663561 -14.12276882 1486 4.92749449557436 0.00280670999346504 0.0495127704894134
"398" -39.399663561 -14.62276882 1487 5.40013687276881 0.00324556017323701 0.0492973636811194
"399" -39.399663561 -15.12276882 1488 5.61837967693493 0.00310361881404073 0.0489065066070508
"400" -39.399663561 -15.62276882 1489 5.08753886766546 0.00258763699807895 0.0486522333289356
"401" -39.399663561 -16.12276882 1490 5.56748593065277 0.00259796524038082 0.0479303197243049
"402" -39.399663561 -16.62276882 1491 4.58778637810463 0.00250141351697199 0.0491249666101553
"403" -39.399663561 -17.12276882 1492 4.31994072875223 0.00254192174324467 0.049279638235954
"404" -39.399663561 -17.62276882 1493 4.27006768585471 0.00253376379040617 0.0490895256929469
"405" -38.899663561 -12.12276882 1528 5.27551959311977 0.00257848290663926 0.0481383153037847
"406" -38.899663561 -12.62276882 1529 5.09360857266736 0.0024462189604239 0.0478398245273084
"407" -38.899663561 -13.12276882 1530 5.30652484138777 0.00301935883057026 0.0499697244560189
"408" -38.899663561 -15.62276882 1535 4.69664364634549 0.00290613066482553 0.049295195024757
"409" -38.899663561 -16.12276882 1536 5.03211104965589 0.00285890931134932 0.0473939299965558
"410" -38.399663561 -12.12276882 1574 5.72550498213104 0.00286222097328302 0.046832292664916
"411" -38.399663561 -12.62276882 1575 4.47906540287483 0.00286545836923809 0.0480609572126939
"412" -37.899663561 -11.12276882 1618 5.30682539254244 0.00234280827811552 0.0456473329112036
"413" -37.899663561 -11.62276882 1619 5.30682539254244 0.00233969335063815 0.0457323280808361
"414" -37.899663561 -12.12276882 1620 3.68028216203604 0.0024227744792759 0.0490325172927639
"415" -37.399663561 -10.62276882 1663 6.97000178334362 0.00254799128654123 0.0439526469025899
"416" -37.399663561 -11.12276882 1664 5.87543792000649 0.00247254692443691 0.0454702025014383
"417" -37.399663561 -11.62276882 1665 3.99685697167355 0.00255940769303583 0.047467547922084
"418" -36.899663561 -10.62276882 1709 7.32927507114484 0.00269300801151364 0.044023531895234
"419" -36.399663561 -8.62276882 1751 8.08406578216336 0.00300104376301867 0.0415754954738149
"420" -36.399663561 -9.12276882 1752 7.77542990393499 0.00273199414289603 0.0412059853556397
"421" -36.399663561 -9.62276882 1753 7.13103500000294 0.00286117393357394 0.0437949601060519
"422" -35.899663561 -8.12276882 1796 7.6262695662063 0.00278859141506559 0.0401913440926393
"423" -35.899663561 -8.62276882 1797 7.63848882627752 0.00306666920120179 0.0408258757198445
"424" -35.899663561 -9.12276882 1798 5.93490164746325 0.00272075760044549 0.0418889790140777
"425" -35.899663561 -9.62276882 1799 5.96781209200622 0.00294407154954674 0.0443255849692346
"426" -35.399663561 -7.62276882 1841 6.99677257579453 0.00264697900612059 0.0398438733347161
"427" -35.399663561 -8.12276882 1842 6.46865640913219 0.00239241703628624 0.0402204838112277
"428" -35.399663561 -8.62276882 1843 6.58719011972883 0.00273867821810324 0.041128986454414
"429" -35.399663561 -9.12276882 1844 5.51534504244057 0.00269965121756715 0.0439010993454673
"430" -34.899663561 -7.62276882 1887 4.44161208501275 0.00191367379599896 0.0394627626850506
"431" -34.899663561 -8.12276882 1888 4.50329975286015 0.00195497883567214 0.0400841373191493
