"V1" "V2" "id"
"0" -55.399663561 -22.62276882 31
"1" -55.399663561 -23.12276882 32
"2" -55.399663561 -23.62276882 33
"3" -55.399663561 -28.12276882 42
"4" -54.899663561 -22.12276882 76
"5" -54.899663561 -22.62276882 77
"6" -54.899663561 -23.12276882 78
"7" -54.899663561 -23.62276882 79
"8" -54.899663561 -27.62276882 87
"9" -54.899663561 -28.12276882 88
"10" -54.399663561 -21.62276882 121
"11" -54.399663561 -22.12276882 122
"12" -54.399663561 -22.62276882 123
"13" -54.399663561 -23.12276882 124
"14" -54.399663561 -23.62276882 125
"15" -54.399663561 -24.12276882 126
"16" -54.399663561 -24.62276882 127
"17" -54.399663561 -25.12276882 128
"18" -54.399663561 -25.62276882 129
"19" -54.399663561 -27.62276882 133
"20" -54.399663561 -28.12276882 134
"21" -53.899663561 -22.12276882 168
"22" -53.899663561 -22.62276882 169
"23" -53.899663561 -23.12276882 170
"24" -53.899663561 -23.62276882 171
"25" -53.899663561 -24.12276882 172
"26" -53.899663561 -24.62276882 173
"27" -53.899663561 -25.12276882 174
"28" -53.899663561 -25.62276882 175
"29" -53.899663561 -26.12276882 176
"30" -53.899663561 -26.62276882 177
"31" -53.899663561 -27.12276882 178
"32" -53.899663561 -27.62276882 179
"33" -53.899663561 -28.12276882 180
"34" -53.899663561 -29.62276882 183
"35" -53.399663561 -22.12276882 214
"36" -53.399663561 -22.62276882 215
"37" -53.399663561 -23.12276882 216
"38" -53.399663561 -23.62276882 217
"39" -53.399663561 -24.12276882 218
"40" -53.399663561 -24.62276882 219
"41" -53.399663561 -25.12276882 220
"42" -53.399663561 -25.62276882 221
"43" -53.399663561 -26.12276882 222
"44" -53.399663561 -26.62276882 223
"45" -53.399663561 -27.12276882 224
"46" -53.399663561 -27.62276882 225
"47" -53.399663561 -29.12276882 228
"48" -53.399663561 -29.62276882 229
"49" -52.899663561 -22.12276882 260
"50" -52.899663561 -22.62276882 261
"51" -52.899663561 -23.12276882 262
"52" -52.899663561 -23.62276882 263
"53" -52.899663561 -24.12276882 264
"54" -52.899663561 -24.62276882 265
"55" -52.899663561 -25.12276882 266
"56" -52.899663561 -25.62276882 267
"57" -52.899663561 -26.12276882 268
"58" -52.899663561 -26.62276882 269
"59" -52.899663561 -27.12276882 270
"60" -52.899663561 -27.62276882 271
"61" -52.899663561 -28.12276882 272
"62" -52.899663561 -28.62276882 273
"63" -52.899663561 -29.12276882 274
"64" -52.899663561 -29.62276882 275
"65" -52.399663561 -22.12276882 306
"66" -52.399663561 -22.62276882 307
"67" -52.399663561 -23.12276882 308
"68" -52.399663561 -23.62276882 309
"69" -52.399663561 -24.12276882 310
"70" -52.399663561 -24.62276882 311
"71" -52.399663561 -25.12276882 312
"72" -52.399663561 -25.62276882 313
"73" -52.399663561 -26.12276882 314
"74" -52.399663561 -26.62276882 315
"75" -52.399663561 -27.12276882 316
"76" -52.399663561 -27.62276882 317
"77" -52.399663561 -28.12276882 318
"78" -52.399663561 -28.62276882 319
"79" -52.399663561 -29.12276882 320
"80" -52.399663561 -29.62276882 321
"81" -51.899663561 -21.12276882 350
"82" -51.899663561 -21.62276882 351
"83" -51.899663561 -22.12276882 352
"84" -51.899663561 -22.62276882 353
"85" -51.899663561 -23.12276882 354
"86" -51.899663561 -23.62276882 355
"87" -51.899663561 -24.12276882 356
"88" -51.899663561 -24.62276882 357
"89" -51.899663561 -25.12276882 358
"90" -51.899663561 -25.62276882 359
"91" -51.899663561 -26.12276882 360
"92" -51.899663561 -26.62276882 361
"93" -51.899663561 -27.12276882 362
"94" -51.899663561 -27.62276882 363
"95" -51.899663561 -28.12276882 364
"96" -51.899663561 -28.62276882 365
"97" -51.899663561 -29.12276882 366
"98" -51.899663561 -29.62276882 367
"99" -51.399663561 -20.12276882 394
"100" -51.399663561 -20.62276882 395
"101" -51.399663561 -21.12276882 396
"102" -51.399663561 -21.62276882 397
"103" -51.399663561 -22.12276882 398
"104" -51.399663561 -22.62276882 399
"105" -51.399663561 -23.12276882 400
"106" -51.399663561 -23.62276882 401
"107" -51.399663561 -24.12276882 402
"108" -51.399663561 -24.62276882 403
"109" -51.399663561 -25.12276882 404
"110" -51.399663561 -25.62276882 405
"111" -51.399663561 -26.12276882 406
"112" -51.399663561 -26.62276882 407
"113" -51.399663561 -27.12276882 408
"114" -51.399663561 -27.62276882 409
"115" -51.399663561 -28.12276882 410
"116" -51.399663561 -28.62276882 411
"117" -51.399663561 -29.12276882 412
"118" -51.399663561 -29.62276882 413
"119" -50.899663561 -18.62276882 437
"120" -50.899663561 -19.12276882 438
"121" -50.899663561 -19.62276882 439
"122" -50.899663561 -20.12276882 440
"123" -50.899663561 -20.62276882 441
"124" -50.899663561 -21.12276882 442
"125" -50.899663561 -21.62276882 443
"126" -50.899663561 -22.12276882 444
"127" -50.899663561 -22.62276882 445
"128" -50.899663561 -23.12276882 446
"129" -50.899663561 -23.62276882 447
"130" -50.899663561 -24.12276882 448
"131" -50.899663561 -24.62276882 449
"132" -50.899663561 -25.12276882 450
"133" -50.899663561 -25.62276882 451
"134" -50.899663561 -26.12276882 452
"135" -50.899663561 -26.62276882 453
"136" -50.899663561 -27.12276882 454
"137" -50.899663561 -27.62276882 455
"138" -50.899663561 -28.12276882 456
"139" -50.899663561 -28.62276882 457
"140" -50.899663561 -29.12276882 458
"141" -50.899663561 -29.62276882 459
"142" -50.399663561 -18.62276882 483
"143" -50.399663561 -19.12276882 484
"144" -50.399663561 -19.62276882 485
"145" -50.399663561 -20.12276882 486
"146" -50.399663561 -20.62276882 487
"147" -50.399663561 -21.12276882 488
"148" -50.399663561 -21.62276882 489
"149" -50.399663561 -22.12276882 490
"150" -50.399663561 -22.62276882 491
"151" -50.399663561 -23.12276882 492
"152" -50.399663561 -23.62276882 493
"153" -50.399663561 -24.12276882 494
"154" -50.399663561 -24.62276882 495
"155" -50.399663561 -25.12276882 496
"156" -50.399663561 -25.62276882 497
"157" -50.399663561 -26.12276882 498
"158" -50.399663561 -26.62276882 499
"159" -50.399663561 -27.12276882 500
"160" -50.399663561 -27.62276882 501
"161" -50.399663561 -28.12276882 502
"162" -50.399663561 -28.62276882 503
"163" -50.399663561 -29.12276882 504
"164" -50.399663561 -29.62276882 505
"165" -49.899663561 -18.62276882 529
"166" -49.899663561 -20.12276882 532
"167" -49.899663561 -20.62276882 533
"168" -49.899663561 -21.12276882 534
"169" -49.899663561 -21.62276882 535
"170" -49.899663561 -22.12276882 536
"171" -49.899663561 -22.62276882 537
"172" -49.899663561 -23.12276882 538
"173" -49.899663561 -23.62276882 539
"174" -49.899663561 -24.12276882 540
"175" -49.899663561 -24.62276882 541
"176" -49.899663561 -25.12276882 542
"177" -49.899663561 -25.62276882 543
"178" -49.899663561 -26.12276882 544
"179" -49.899663561 -26.62276882 545
"180" -49.899663561 -27.12276882 546
"181" -49.899663561 -27.62276882 547
"182" -49.899663561 -28.12276882 548
"183" -49.899663561 -28.62276882 549
"184" -49.899663561 -29.12276882 550
"185" -49.899663561 -29.62276882 551
"186" -49.399663561 -18.62276882 575
"187" -49.399663561 -20.12276882 578
"188" -49.399663561 -20.62276882 579
"189" -49.399663561 -21.12276882 580
"190" -49.399663561 -21.62276882 581
"191" -49.399663561 -22.12276882 582
"192" -49.399663561 -23.12276882 584
"193" -49.399663561 -23.62276882 585
"194" -49.399663561 -24.62276882 587
"195" -49.399663561 -25.12276882 588
"196" -49.399663561 -25.62276882 589
"197" -49.399663561 -26.12276882 590
"198" -49.399663561 -26.62276882 591
"199" -49.399663561 -27.12276882 592
"200" -49.399663561 -27.62276882 593
"201" -49.399663561 -28.12276882 594
"202" -49.399663561 -28.62276882 595
"203" -48.899663561 -18.12276882 620
"204" -48.899663561 -18.62276882 621
"205" -48.899663561 -20.62276882 625
"206" -48.899663561 -21.12276882 626
"207" -48.899663561 -21.62276882 627
"208" -48.899663561 -22.12276882 628
"209" -48.899663561 -24.12276882 632
"210" -48.899663561 -24.62276882 633
"211" -48.899663561 -25.12276882 634
"212" -48.899663561 -25.62276882 635
"213" -48.899663561 -26.12276882 636
"214" -48.899663561 -26.62276882 637
"215" -48.899663561 -27.12276882 638
"216" -48.899663561 -27.62276882 639
"217" -48.899663561 -28.12276882 640
"218" -48.899663561 -28.62276882 641
"219" -48.399663561 -18.12276882 666
"220" -48.399663561 -18.62276882 667
"221" -48.399663561 -22.12276882 674
"222" -48.399663561 -23.12276882 676
"223" -48.399663561 -23.62276882 677
"224" -48.399663561 -24.12276882 678
"225" -48.399663561 -24.62276882 679
"226" -48.399663561 -25.12276882 680
"227" -48.399663561 -25.62276882 681
"228" -47.899663561 -23.12276882 722
"229" -47.899663561 -23.62276882 723
"230" -47.899663561 -24.12276882 724
"231" -47.899663561 -24.62276882 725
"232" -47.899663561 -25.12276882 726
"233" -47.399663561 -21.62276882 765
"234" -47.399663561 -22.12276882 766
"235" -47.399663561 -22.62276882 767
"236" -47.399663561 -23.12276882 768
"237" -47.399663561 -23.62276882 769
"238" -47.399663561 -24.12276882 770
"239" -47.399663561 -24.62276882 771
"240" -46.899663561 -20.62276882 809
"241" -46.899663561 -21.12276882 810
"242" -46.899663561 -21.62276882 811
"243" -46.899663561 -22.62276882 813
"244" -46.899663561 -23.12276882 814
"245" -46.899663561 -23.62276882 815
"246" -46.899663561 -24.12276882 816
"247" -46.399663561 -21.12276882 856
"248" -46.399663561 -21.62276882 857
"249" -46.399663561 -22.12276882 858
"250" -46.399663561 -22.62276882 859
"251" -46.399663561 -23.12276882 860
"252" -46.399663561 -23.62276882 861
"253" -45.899663561 -21.12276882 902
"254" -45.899663561 -21.62276882 903
"255" -45.899663561 -22.12276882 904
"256" -45.899663561 -22.62276882 905
"257" -45.899663561 -23.12276882 906
"258" -45.899663561 -23.62276882 907
"259" -45.399663561 -20.12276882 946
"260" -45.399663561 -20.62276882 947
"261" -45.399663561 -21.12276882 948
"262" -45.399663561 -21.62276882 949
"263" -45.399663561 -22.12276882 950
"264" -45.399663561 -22.62276882 951
"265" -45.399663561 -23.12276882 952
"266" -45.399663561 -23.62276882 953
"267" -44.899663561 -19.62276882 991
"268" -44.899663561 -20.62276882 993
"269" -44.899663561 -21.12276882 994
"270" -44.899663561 -21.62276882 995
"271" -44.899663561 -22.12276882 996
"272" -44.899663561 -22.62276882 997
"273" -44.899663561 -23.12276882 998
"274" -44.399663561 -20.12276882 1038
"275" -44.399663561 -20.62276882 1039
"276" -44.399663561 -21.12276882 1040
"277" -44.399663561 -21.62276882 1041
"278" -44.399663561 -22.12276882 1042
"279" -44.399663561 -22.62276882 1043
"280" -43.899663561 -20.12276882 1084
"281" -43.899663561 -20.62276882 1085
"282" -43.899663561 -21.12276882 1086
"283" -43.899663561 -21.62276882 1087
"284" -43.899663561 -22.12276882 1088
"285" -43.899663561 -22.62276882 1089
"286" -43.399663561 -18.62276882 1127
"287" -43.399663561 -19.12276882 1128
"288" -43.399663561 -19.62276882 1129
"289" -43.399663561 -20.12276882 1130
"290" -43.399663561 -20.62276882 1131
"291" -43.399663561 -21.12276882 1132
"292" -43.399663561 -21.62276882 1133
"293" -43.399663561 -22.12276882 1134
"294" -43.399663561 -22.62276882 1135
"295" -42.899663561 -17.62276882 1171
"296" -42.899663561 -18.12276882 1172
"297" -42.899663561 -18.62276882 1173
"298" -42.899663561 -19.12276882 1174
"299" -42.899663561 -19.62276882 1175
"300" -42.899663561 -20.12276882 1176
"301" -42.899663561 -20.62276882 1177
"302" -42.899663561 -21.12276882 1178
"303" -42.899663561 -21.62276882 1179
"304" -42.899663561 -22.12276882 1180
"305" -42.899663561 -22.62276882 1181
"306" -42.399663561 -15.12276882 1212
"307" -42.399663561 -15.62276882 1213
"308" -42.399663561 -17.62276882 1217
"309" -42.399663561 -18.12276882 1218
"310" -42.399663561 -18.62276882 1219
"311" -42.399663561 -19.12276882 1220
"312" -42.399663561 -19.62276882 1221
"313" -42.399663561 -20.12276882 1222
"314" -42.399663561 -20.62276882 1223
"315" -42.399663561 -21.12276882 1224
"316" -42.399663561 -21.62276882 1225
"317" -42.399663561 -22.12276882 1226
"318" -42.399663561 -22.62276882 1227
"319" -41.899663561 -15.12276882 1258
"320" -41.899663561 -15.62276882 1259
"321" -41.899663561 -16.12276882 1260
"322" -41.899663561 -16.62276882 1261
"323" -41.899663561 -17.12276882 1262
"324" -41.899663561 -17.62276882 1263
"325" -41.899663561 -18.12276882 1264
"326" -41.899663561 -18.62276882 1265
"327" -41.899663561 -19.12276882 1266
"328" -41.899663561 -19.62276882 1267
"329" -41.899663561 -20.12276882 1268
"330" -41.899663561 -20.62276882 1269
"331" -41.899663561 -21.12276882 1270
"332" -41.899663561 -21.62276882 1271
"333" -41.899663561 -22.12276882 1272
"334" -41.899663561 -22.62276882 1273
"335" -41.399663561 -15.12276882 1304
"336" -41.399663561 -15.62276882 1305
"337" -41.399663561 -16.12276882 1306
"338" -41.399663561 -16.62276882 1307
"339" -41.399663561 -17.12276882 1308
"340" -41.399663561 -17.62276882 1309
"341" -41.399663561 -18.12276882 1310
"342" -41.399663561 -18.62276882 1311
"343" -41.399663561 -19.12276882 1312
"344" -41.399663561 -19.62276882 1313
"345" -41.399663561 -20.12276882 1314
"346" -41.399663561 -20.62276882 1315
"347" -41.399663561 -21.12276882 1316
"348" -41.399663561 -21.62276882 1317
"349" -41.399663561 -22.12276882 1318
"350" -40.899663561 -14.62276882 1349
"351" -40.899663561 -15.12276882 1350
"352" -40.899663561 -15.62276882 1351
"353" -40.899663561 -16.12276882 1352
"354" -40.899663561 -16.62276882 1353
"355" -40.899663561 -17.12276882 1354
"356" -40.899663561 -17.62276882 1355
"357" -40.899663561 -18.12276882 1356
"358" -40.899663561 -18.62276882 1357
"359" -40.899663561 -19.12276882 1358
"360" -40.899663561 -19.62276882 1359
"361" -40.899663561 -20.12276882 1360
"362" -40.899663561 -20.62276882 1361
"363" -40.899663561 -21.12276882 1362
"364" -40.399663561 -13.62276882 1393
"365" -40.399663561 -14.12276882 1394
"366" -40.399663561 -14.62276882 1395
"367" -40.399663561 -15.12276882 1396
"368" -40.399663561 -15.62276882 1397
"369" -40.399663561 -16.12276882 1398
"370" -40.399663561 -16.62276882 1399
"371" -40.399663561 -17.12276882 1400
"372" -40.399663561 -17.62276882 1401
"373" -40.399663561 -18.12276882 1402
"374" -40.399663561 -18.62276882 1403
"375" -40.399663561 -19.12276882 1404
"376" -40.399663561 -19.62276882 1405
"377" -40.399663561 -20.12276882 1406
"378" -40.399663561 -20.62276882 1407
"379" -39.899663561 -13.12276882 1438
"380" -39.899663561 -13.62276882 1439
"381" -39.899663561 -14.12276882 1440
"382" -39.899663561 -14.62276882 1441
"383" -39.899663561 -15.12276882 1442
"384" -39.899663561 -15.62276882 1443
"385" -39.899663561 -16.12276882 1444
"386" -39.899663561 -16.62276882 1445
"387" -39.899663561 -17.12276882 1446
"388" -39.899663561 -17.62276882 1447
"389" -39.899663561 -18.12276882 1448
"390" -39.899663561 -18.62276882 1449
"391" -39.899663561 -19.12276882 1450
"392" -39.899663561 -19.62276882 1451
"393" -39.399663561 -12.12276882 1482
"394" -39.399663561 -12.62276882 1483
"395" -39.399663561 -13.12276882 1484
"396" -39.399663561 -13.62276882 1485
"397" -39.399663561 -14.12276882 1486
"398" -39.399663561 -14.62276882 1487
"399" -39.399663561 -15.12276882 1488
"400" -39.399663561 -15.62276882 1489
"401" -39.399663561 -16.12276882 1490
"402" -39.399663561 -16.62276882 1491
"403" -39.399663561 -17.12276882 1492
"404" -39.399663561 -17.62276882 1493
"405" -38.899663561 -12.12276882 1528
"406" -38.899663561 -12.62276882 1529
"407" -38.899663561 -13.12276882 1530
"408" -38.899663561 -15.62276882 1535
"409" -38.899663561 -16.12276882 1536
"410" -38.399663561 -12.12276882 1574
"411" -38.399663561 -12.62276882 1575
"412" -37.899663561 -11.12276882 1618
"413" -37.899663561 -11.62276882 1619
"414" -37.899663561 -12.12276882 1620
"415" -37.399663561 -10.62276882 1663
"416" -37.399663561 -11.12276882 1664
"417" -37.399663561 -11.62276882 1665
"418" -36.899663561 -10.62276882 1709
"419" -36.399663561 -8.62276882 1751
"420" -36.399663561 -9.12276882 1752
"421" -36.399663561 -9.62276882 1753
"422" -35.899663561 -8.12276882 1796
"423" -35.899663561 -8.62276882 1797
"424" -35.899663561 -9.12276882 1798
"425" -35.899663561 -9.62276882 1799
"426" -35.399663561 -7.62276882 1841
"427" -35.399663561 -8.12276882 1842
"428" -35.399663561 -8.62276882 1843
"429" -35.399663561 -9.12276882 1844
"430" -34.899663561 -7.62276882 1887
"431" -34.899663561 -8.12276882 1888
